F1 47.43877949321994 0.0010296980636311074 0.044497477353966995
F2 53.691857278696794 0.000947833479007887 0.9905598000140609
F3 50.49181171092726 0.0009249163166728155 0.35527158265617104
F4 54.23778920429275 0.000556907138976473 0.04964060940100052
F5 39.06301719453262 0.00044358437459915103 0.894608452551798
F6 46.54296716703916 0.00041483320101710165 0.8349914725972603
F7 48.91874608127132 0.00023094365945627027 0.6393672877197368
F8 43.52781674518769 0.00021432173160038223 0.7093243270362446
F9 47.284761770155384 0.00018191490615140072 0.9572886911004849
F10 57.45214753608471 0.0001633949655050203 0.11535041962995142
F11 34.76052867191479 0.0001430100906990369 0.7424642148263347
F12 38.129160081216305 0.00013185157049017848 0.7184192868716609
F13 45.269569596674735 0.00012012662729749889 0.7040357149445852
F14 51.49657248371003 0.00011835561300595179 0.8420066599484087
F15 47.26944068513523 9.366910246653484e-05 0.23538722974108645
F16 53.854374908430714 8.683485172992299e-05 0.7989607150461472
F17 49.71273406961143 8.64686588449281e-05 0.8714195442919598
F18 50.83121297163458 8.559865700903142e-05 0.3298330832536111
F19 43.8288260287429 8.359626204495288e-05 0.10502923447523986
F20 65.13491632208172 8.297097510533957e-05 0.2912080052494623
F21 44.683290143830384 8.219191640281079e-05 0.3095492172369849
F22 49.55954399707951 7.868694674645056e-05 0.8655293666557797
F23 42.03591373921296 7.65639907870932e-05 0.17457223902173555
F24 41.650322091816925 7.082831469456336e-05 0.7821480170443719
F25 48.13774985489761 6.42366634777858e-05 0.749700803428681
F26 45.90024862211419 6.305125733969975e-05 0.02843127718069976
F27 50.26863434142081 5.499488159526305e-05 0.23872792408761992
F28 75.67814529333411 5.2091003469506413e-05 0.42195737962960894
F29 58.34679110270525 4.972733357615519e-05 0.7485557777135062
F30 54.22690546042285 4.9580039585179776e-05 0.44814522382901434
F31 45.43721189021222 4.791740841614795e-05 0.4476263604459025
F32 54.46323701627452 4.640292876009017e-05 0.10557514373994512
F33 53.55278274453395 4.0722760568426036e-05 0.43859522365323944
F34 42.17310319434772 4.061450748975177e-05 0.29467655409265775
F35 58.25188011416063 3.922964533499932e-05 0.3237699618728674
F36 42.396254370222714 3.874556698077404e-05 0.7624034269058849
F37 52.92195611135468 3.648505219369723e-05 0.019668346237929252
F38 53.682877298251405 3.4054165151288854e-05 0.9557951125574065
F39 57.04795136206039 3.3943143260861876e-05 0.5174885666653523
F40 50.64517211304056 3.364601666484904e-05 0.5920103646278517
F41 37.47912389063145 3.318588158287253e-05 0.9097030787189961
F42 69.3759072536862 3.247602101374804e-05 0.3083994305020437
F43 41.31942766702272 3.213174209295616e-05 0.6881837805731715
F44 61.44715615353446 3.137799333901754e-05 0.8484408991508781
F45 22.81463984255758 3.139300993215343e-05 0.7856757902891316
F46 64.61585310862891 3.093992026897124e-05 0.06578952355258184
F47 71.04485917819568 3.0410022319824657e-05 0.8642190898804818
F48 52.30335269488047 2.988702720905034e-05 0.988825502129298
F49 47.40817331818954 2.9727697791758086e-05 0.8203070378970241
F50 76.3170906022934 2.9370159476091358e-05 0.39484472490934663
F51 45.35535780784221 2.8889140141782145e-05 0.2205894523820016
F52 53.498915966860274 2.8702319154217212e-05 0.032942669501904394
F53 69.55335696702386 2.783004931873793e-05 0.5629144026201442
F54 56.10990094809525 2.767988227204754e-05 0.9769316682946683
