F1	47.438928(12)	1.048(2)	0.9334(4)	34.3
F2	53.691744(12)	1.048(2)	0.1797(4)	36.4
F3	50.491833(13)	0.940(2)	0.3251(4)	39.6
F4	54.23744(2)	0.568(2)	0.5686(7)	41.7
F5	39.06304(3)	0.442(2)	0.8625(9)	40.4
F6	46.54302(3)	0.414(2)	0.7582(9)	27.3
F7	48.91878(5)	0.230(2)	0.5943(17)	19.1
F8	43.52779(6)	0.217(2)	0.7506(18)	20.6
F9	47.28386(7)	0.175(2)	0.284(2)	22.1
F10	57.45209(8)	0.163(2)	0.203(2)	27.0
F11	34.76041(9)	0.143(2)	0.914(3)	37.4
F12	38.12911(9)	0.133(2)	0.789(3)	33.2
F13	45.26957(10)	0.122(2)	0.705(3)	15.9
F14	51.49625(11)	0.118(2)	0.327(3)	15.5
F15	47.27019(12)	0.108(2)	0.111(4)	15.5
F16	53.85463(14)	0.090(2)	0.419(4)	13.0
F17	49.71250(16)	0.077(2)	0.218(5)	12.9
F18	50.83102(15)	0.087(2)	0.612(4)	15.7
F19	43.82885(15)	0.083(2)	0.068(5)	12.9
F20	65.13492(15)	0.082(2)	0.288(5)	24.1
F21	44.68340(15)	0.083(2)	0.151(5)	16.9
F22	49.55926(16)	0.079(2)	0.297(5)	14.9
F23	42.03524(16)	0.077(2)	0.173(5)	16.7
F24	41.65028(17)	0.073(2)	0.850(5)	18.2
F25	48.1378(2)	0.062(2)	0.744(6)	15.4
F26	45.90034(20)	0.064(2)	0.896(6)	14.3
F27	50.2686(2)	0.056(2)	0.228(7)	15.8
F28	75.6781(2)	0.051(2)	0.416(8)	17.2
F29	58.3472(3)	0.041(2)	0.117(9)	9.2
F30	54.2283(2)	0.062(2)	0.411(6)	9.2
F31	45.4369(3)	0.049(2)	0.910(8)	13.4
F32	54.4625(3)	0.048(2)	0.198(8)	9.5
F33	53.5523(3)	0.038(2)	0.143(10)	12.6
F34	42.1729(3)	0.044(2)	0.557(9)	12.5
F35	58.2512(3)	0.041(2)	0.309(9)	13.7
F36	42.3960(3)	0.040(2)	0.16(1)	4.7
F37	52.9223(3)	0.040(2)	0.54(1)	9.0
F38	53.68985(7)	0.174(2)	0.607(2)	15.5
F39	57.0484(4)	0.032(2)	0.928(12)	15.4
F40	50.6455(4)	0.033(2)	0.050(12)	6.7
F41	37.4786(4)	0.033(2)	0.636(11)	6.6
F42	69.3752(4)	0.033(2)	0.357(12)	13.7
F43	41.3189(4)	0.033(2)	0.422(12)	18.9
F44	61.4461(4)	0.032(2)	0.434(12)	4.3
F45	22.8145(4)	0.031(2)	0.946(12)	4.3
F46	64.6154(4)	0.030(2)	0.763(13)	4.2
F47	71.0441(4)	0.036(2)	0.016(11)	4.2
F48	52.3034(4)	0.031(2)	0.909(12)	8.8
F49	47.4101(4)	0.035(2)	0.914(11)	10.0
F50	76.3167(4)	0.030(2)	0.898(13)	10.4
F51	45.3553(4)	0.028(2)	0.307(14)	10.1
F52	53.4991(4)	0.031(2)	0.764(12)	8.2
F53	69.5526(5)	0.027(2)	0.687(14)	4.6
F54	56.1099(5)	0.026(2)	0.005(15)	4.0

