8.671121454875311940e+00
6.253077785476854444e+00
3.200045567769535637e+00
3.745977493365494126e+00
1.517477200976013307e+01
7.479949972506538813e+00
2.375778914232164141e+00
5.390929336083630119e+00
3.756945024967691893e+00
1.016738576592932475e+01
2.269161886416991791e+01
3.368631409301514168e+00
7.140409515458429723e+00
6.227002887035297363e+00
4.227131798574802701e+00
6.584934223295483946e+00
4.141640838819284909e+00
1.118478902023149146e+00
7.002386942891675403e+00
2.130609029333881921e+01
2.045162617825133822e+01
4.876253853249124859e+00
7.523630257866550153e+00
3.855916473960334656e-01
6.487427763080688692e+00
2.237501232783422722e+00
4.368385719306616011e+00
2.540951095191330467e+01
1.733135419062886484e+01
4.119885642282397953e+00
8.789693570210630469e+00
9.026025126062300785e+00
9.104542717405692542e-01
1.137967955018623201e+01
1.607877691981290980e+01
1.585562574393791380e+01
4.221510585440545782e+01
1.222743607018594580e-01
2.446966334448493208e-01
1.931618761936192141e-02
5.288254605589977331e+01
7.609211868967236114e-01
3.365074063808982885e+00
6.402779249019829422e+00
1.316604822240910977e+01
3.745966505161652549e+01
6.935644841467127719e+01
2.805647958666347108e+01
2.012772848651173518e+01
3.863251631097688232e+01
4.180121326607132914e+01
6.429006069566767678e+00
7.076407677141956754e+01
5.202257028810436168e+01
4.895179376690933282e+00
2.890891728410386463e+01
3.096173279445119420e+01
8.143558159018063236e+00
1.605444100016358533e+01
1.344345601892860742e+01
2.211457747380391936e+01
2.418043669398457496e+00
3.053032217707318807e+00
5.459319255959584893e-01
1.142879451639463895e+01
7.694822037253594260e+00
9.855728886738702954e+00
3.015150421851465978e+00
1.633984311115938226e+00
1.392433079089701664e+01
1.252423309824059316e+01
1.932298745486840374e+01
1.050904092475994389e+01
1.336741240249372709e+01
1.999871088460494661e+00
2.357802424720681245e+00
2.443293384476199037e+00
3.023161936796135763e+00
5.883908040868526257e+00
1.430370335044714381e+01
8.544641150874809910e-01
1.557537232500221336e+01
2.647376404617425294e+00
7.909221905262583618e+00
6.101836115684655226e+00
4.249926530297265970e+00
2.130884486523193289e+00
2.977789667121992068e+01
8.078156761284439824e+00
2.145123983291126279e+01
1.290957921249302842e+01
2.363315558516703163e-01
8.115570854321731531e+00
1.229013382192680126e+01
4.699097369626677789e+00
2.231511758749959995e-01
5.807073159834337162e+01
4.209283149370359922e+01
1.224222727429898766e-01
2.640128210642112561e-01
5.286322986828041337e+01
5.364346724279649692e+01
4.125995250705706496e+00
3.037705185210846537e+00
1.956882747142893919e+01
5.062571327402563526e+01
3.189678336305474460e+01
4.129996882800779900e+01
7.928751100151735898e+00
1.850478782446514359e+01
3.168696955094453926e+00
4.823021933563809682e+01
6.433507070185279986e+01
1.874150648331520586e+01
4.712739091141342840e+01
2.401373790741293135e+01
2.052815510347329564e+00
2.281817463543313096e+01
2.419799915918164857e+01
2.610984981234977909e+00
6.060136473640334032e+00
1.586149968832706492e+01
5.618089237167993133e+00
6.799009711072812934e+00
1.462884008416417458e+01
3.948844543888100134e+00
5.319043123021430119e+00
4.464799550655072835e+00
7.417946031162259146e-01
8.533401454813386522e+00
8.767288073272901272e+00
9.155601688939078997e+00
1.218257793940997402e+01
1.673604381179524125e+01
9.140280603918924385e+00
8.584805311755978607e+00
1.783838414098603664e+00
3.561772286499348183e+00
1.002554887968781117e+01
1.542218225247029295e+01
6.147922827804194412e+00
5.730717968336605850e+00
2.309900258286876351e+01
3.032968052013458760e+00
1.421794142181894927e+00
3.864334882901232504e+00
8.618312249603881980e+00
2.754039543843649795e+01
1.244654248059105583e+01
3.958271119002041871e+00
3.024093340312189326e+01
3.883554086430727637e+00
6.741227158888989379e-01
3.264108695864500476e+00
3.788643097886108535e+00
1.115652837431123601e+01
4.199195467853046182e+01
5.794845723764151302e+01
4.233752812714844538e+01
1.417384603623517980e-01
5.261853323483556721e+01
5.362415105517713698e+01
5.700854130660547980e+01
2.276783998314122925e+00
1.620375340761995631e+01
5.702849252304546468e+01
1.873073514064563483e+01
3.840303776391273516e+00
6.142769731451953419e+01
4.656126741112861112e+01
2.329642544160618911e+01
9.597703024661221605e+00
2.253385743578146361e+01
1.231250041374843818e+01
2.363668586000613914e+01
7.603630819551729303e+01
6.947994887038262846e+00
6.090742648670733672e+00
6.763733635269545630e+00
1.075454314025304114e+01
2.083421685377729204e+00
1.929413118365204127e-01
1.906154525609660055e+01
1.872111743802499007e+00
8.375762298687320140e+00
7.148890111657635771e+00
1.573065629655935993e+00
1.070997245910506024e+01
8.221744575622764728e+00
1.090918036904555066e+01
1.415821740935653139e+01
5.398656663971387104e+00
2.015192173480649274e+00
5.955575052374676659e+00
1.250891201322043855e+01
1.572521482721440833e+01
4.443164472936693699e+00
6.653595120754545178e-01
3.440614656392327220e+00
1.128054141365100804e+01
5.029443925781045266e+00
1.271668974555069553e+00
1.792912289529944303e+00
2.348459423026479698e+01
3.454459711067229932e+00
3.659295374965317649e+00
8.232720602207848515e+00
3.402782320151718665e+01
1.020904124780763311e+01
8.326656838308657882e+00
4.831422451208588598e+00
2.121490827705959248e+01
4.794008358171296891e+00
1.205380226607513094e+01
1.281466822394840932e+01
1.206698264605180526e+01
5.337163422871669383e+01
4.186968031782860322e+01
5.819315387108635917e+01
4.235684431476780532e+01
5.274080759553742581e+01
5.337945442173229083e+01
5.698922511898611987e+01
5.060576205758565038e+01
1.544283222072323269e+01
5.366341845923648179e+01
1.232795589162580541e+01
9.325744446017836253e+00
2.396803226290300870e+01
2.279518100354265897e+01
4.760054145057281971e+00
2.972543151117295679e+01
6.116637374675834593e+01
2.948871285232289452e+01
1.720767979043937146e+01
5.272231424097725494e+00
4.507457540106609883e+01
1.195563271979800390e+00
2.214518364883431900e+01
2.020718965419815305e+01
2.887831110907346499e+01
8.336499470854583649e+00
3.007104255933015224e+00
1.531556776273110643e+01
1.704688375356263208e+01
8.958123261807813265e-01
4.773111197425471630e+00
6.963994965739566112e+00
6.953027434137368346e+00
1.838913034155208948e+01
1.178243849512436725e+01
1.078958600005501722e+01
1.741752851487042619e+00
4.211810713554648089e+00
1.018270685094947936e+01
1.909384623651592250e+01
1.158357398839512342e+01
5.561643374959842845e+00
7.667746454967129921e+00
1.786547563694649199e+01
9.171084764600330175e+00
1.531900725319204071e-01
8.795299232421619706e+00
2.178503936925977769e+00
1.699716646718410828e+01
1.216958478283807210e+00
7.090903443412983620e-01
3.364223155412115318e+01
1.669646901088832180e+01
6.089155605525235160e+00
4.630367319019725869e-01
4.194602674853712188e+00
2.212536254880016173e+01
1.617368790835752890e+01
4.024974653737778851e+00
3.040957519989504476e+00
5.428208850045726308e+01
5.324935986801483523e+01
4.211437695127344938e+01
5.821247005870571911e+01
1.052570174113196799e+01
5.350172878243414942e+01
5.674452848554127371e+01
5.058644586996629045e+01
3.743971383517654061e+01
5.290249727233975818e+01
1.569302995543478829e+01
1.572852369503766568e+01
1.080198404049389893e+01
1.466448404807387007e+01
6.459639426961399522e+01
1.668951924509485707e+00
4.103864526024661075e+01
9.143803458653984251e+00
2.459353347563196124e+01
1.170123749366449317e+01
2.568950137035346870e+01
5.321813356008416207e+01
1.725000427214338572e+01
8.701727629905711581e+00
3.060617503039964049e-02
2.262523332359661055e+01
5.136453903085048012e+00
7.388732374324789021e-01
3.049033977249123950e+01
9.566933781056093267e+00
1.479966588051382814e+00
1.016404053350910175e+01
3.207049940771874219e+00
3.214358331791956402e+00
4.302488522617828437e+00
8.413807085822853082e+00
3.649176484596587500e+00
7.968755738522339982e+00
1.532108502015461227e-02
3.597772627653995414e+00
1.495220539769663759e+01
1.270205289041827257e+01
1.440743567931832558e+00
1.363834383837168929e+01
2.586150541304846229e+00
4.294830911351205316e+00
7.676820330398470560e+00
9.180890879817653172e+00
4.308923826154710923e+00
1.923466769996753101e+01
5.585344197590423221e+00
2.611860129625460303e+01
1.631087736349228834e+01
1.257658336860592385e+01
2.700537964685395309e+00
8.562988394160328198e+00
3.284148403113142933e+00
3.350504209898639374e+01
9.491098854461910150e-02
1.183065109020013495e+01
4.525606337439496230e+01
5.415981413975540448e+01
5.349405650145968139e+01
4.213369313889280932e+01
5.329924002805945804e+00
1.128662292802869160e+01
5.686680284624313231e+01
5.034174923652144429e+01
3.742039764755718068e+01
1.995121643998398753e-02
1.645395114233151190e+01
1.236344963122868279e+01
4.399204791474069509e+00
2.783053227048297984e+01
2.713672921799746263e+01
7.102540033918076290e+01
6.909512484691008183e+01
1.098392502785775093e+01
1.403898283534491753e+01
5.350245075973582232e+01
1.926049530078670102e+01
1.754594321133540546e+01
6.927257456024774740e+01
3.806548253214778299e+00
4.864573201660533641e+00
6.283683960507254085e+00
2.582527889136614618e+01
8.882431396450542138e+00
1.443589877232765417e+01
2.301038979998470069e+01
7.191154866823929126e+00
3.910962748032247305e+00
6.407095508541409856e+00
6.960335825157450529e+00
1.947726053237796151e+01
9.338571133163142690e-01
1.273397570364423359e+00
2.577826402438709863e+00
3.741623939947537281e+00
6.569613138275329334e+00
7.739413466473280323e+00
1.607068429971978674e+01
5.699665947526597165e+00
1.986534672540698665e+01
6.813282339879648930e+00
2.290103311944278630e+00
1.181846116921775547e+01
8.062411977794504025e+00
2.693463116736964480e+00
2.071422593371288201e+00
1.486628198066091500e+01
3.099485514950372789e+01
8.787247105625738186e+00
1.219099172120989039e+01
3.786889798395293383e+00
6.325487161376905476e+00
7.652534122419758944e+00
8.095531147073089073e+00
1.742626517917348394e+01
1.595053673248253290e+01
5.404575694460559276e+01
4.513378901369310370e+01
5.440451077320025064e+01
5.351337268907904132e+01
1.074885291700696399e+01
4.569002815909222193e+00
1.465169699183767449e+01
5.046402359722330289e+01
3.717570101411233452e+01
3.926740405934590894e-02
6.933649719823128521e+01
1.160252844433195918e+01
7.764278855283052394e+00
3.423331151950280571e+01
1.397068099558835286e+01
3.356573528756423030e+01
2.613235677611921437e-01
1.707255455880572015e+01
6.088745651166817652e+00
1.486993444875894710e+01
2.254071796528463167e+01
1.111693714176863779e+01
1.491502211171820136e+00
5.582911854131913998e+01
4.715799708644382804e+01
1.388504583816320803e+00
3.083638392737718448e+00
2.207930139800065206e+01
6.292340613309590935e+00
6.955948799821115358e+00
2.063461088575253655e+01
1.258208420290755924e+01
1.540177230645554118e-01
3.760290257387914892e+00
1.573128303901246738e+01
1.610862912307644734e+01
6.206552402142115454e+00
4.953605316670874004e+00
1.649305396136092838e+00
1.032655816324302123e+01
2.427972299456044425e+00
6.620934564450131177e+00
9.068297356828111333e+00
2.700575624086541637e+01
5.862794528443515674e-01
1.937028486630524071e+00
5.233526945922271523e+00
1.220405281661378893e+01
1.574984214713815334e+00
4.930964349520387202e+00
6.439808312677904212e+00
1.054322897125238967e+01
1.366350095887486304e+01
4.667361463343340233e+00
3.401298150999259917e+00
1.281291492445759417e+01
5.415032889636336222e+00
3.727145427766473063e+00
7.983245772739820723e+00
3.328189092311139774e+01
5.816564258688799072e+01
5.392348258390373417e+01
4.537848564713794985e+01
5.442382696081961058e+01
6.308266331792680148e-01
1.150977410390368760e+01
1.203928752100239308e+00
8.248917742817845067e+00
3.729797537481419312e+01
2.839640375041952436e-01
6.931718101061193238e+01
4.128001761156781413e+01
8.525200042179776005e+00
3.086823745569382638e+01
7.567901746568523436e+00
2.039968706515512054e+01
3.719834148385533723e+01
5.228389385586554994e+01
2.196773393549665343e+01
3.499766293527068228e+01
1.609179834569224710e+01
3.068427612430269491e+01
4.937503858394947542e+00
1.493495823010042756e+01
2.360607968497573950e+01
5.341107487192068248e+01
1.811540983953214834e+00
6.829615886103212574e+00
3.725407340776078513e+01
1.187609359196947878e+00
4.580169885588951217e+00
2.602554022183616667e+01
8.825139177939867352e+00
1.001336804286476934e+01
1.893132860678200302e+01
1.236265162971095322e+01
8.968219607618017619e+00
1.243355528917741282e+01
7.264735180960713024e-01
4.935628827159391108e+00
6.184917324423736318e+00
3.546451201479193571e+00
1.362332150734180658e+01
3.037438765016693054e+01
6.554130062614078156e+00
4.289974400404773291e+00
9.460658744497074224e+00
5.619118593318304988e+00
5.716625053533100242e+00
3.812485447497238056e+00
5.625786302137711914e-01
3.184931926459120888e+01
6.788125219376475172e+00
9.543615316592465092e+00
4.122332106867290236e+00
1.242732327706156070e+01
1.190246065271702491e+01
5.964646660549895785e+00
1.235163149204643673e+01
7.872379971198093074e+00
7.549699677751685556e+01
5.804336822618613212e+01
5.416817921734858032e+01
4.539780183475730979e+01
1.541280904919837269e+00
1.300945537174555966e-01
1.487484816771267049e+01
7.606708001120068730e+00
4.917130479591264702e+00
1.616896768023357855e-01
6.907248437716707201e+01
4.126070142394845419e+01
6.140774609807954931e+01
3.010731626879710277e+01
1.093297581037750632e+01
1.399690781613529111e+01
5.036438970626444700e+01
1.482422880424902445e+01
4.738871447917461666e+01
6.941183348607211201e+00
4.035930140819488088e+00
7.948240186674183860e+00
4.673871712446627669e+01
8.505952160533659878e+00
1.717707361540897182e+01
1.735300189949888505e+01
5.021102930415114685e+01
1.934436509412279293e+00
8.345156123656920499e+00
2.977412343525424632e+01
3.563388273429112019e+00
9.971099221672581336e+00
2.226859519686847477e+01
1.342246587989457396e+00
1.267825082130514858e+01
1.556269719748048885e+01
5.222242114252523493e+00
2.741216720582720257e+00
8.206423490602610116e+00
7.311407741391555248e+00
7.939879883401061988e-01
7.303396226446885464e+00
3.455935741412481832e+00
7.682768785997012628e+00
9.922761471915592324e+00
1.143038391586320301e+01
3.233655857461776861e+00
9.846250391893107690e+00
8.683091697623837035e-01
7.954126286316522965e+00
5.559002718093779549e-01
2.484693232169953347e+01
1.451796507396234404e+01
1.090801086165887313e+01
7.539217463818346232e-01
4.903693019195010550e+00
1.151686900532099145e+01
5.227811025307929071e-01
1.011413025926301401e+01
3.503994251891477063e+00
5.008748582560355089e+01
7.537472241681498986e+01
5.828806485963097828e+01
5.418749540496794026e+01
7.484744221142463516e+00
7.803597180231136576e-01
3.495168617526438481e+00
8.472068918692841066e+00
2.077275622352917850e+01
4.237679553120779019e+01
6.919475873786893771e+01
4.101600479050360804e+01
6.138842991046018938e+01
2.277522978710267409e+01
1.169389699727422993e+01
1.736198187994427400e+01
5.676716895528427642e+01
1.658180581839914680e+00
9.929049427558091168e+00
7.629763176327848839e+01
2.402054944584398299e+01
1.217948829983755132e+01
8.106200813489401469e+00
3.329526110553767637e+01
2.462413965066236088e+01
1.092399582993211737e+01
2.055304746726842069e+01
5.395700679751664097e+01
1.324033550034785378e+01
8.652061511503816860e-01
2.739834452102208218e+01
1.827541062654518100e+00
6.214154196704889443e+00
1.210120943093915002e+01
2.134937227618046052e+01
9.309619412003634409e+00
8.422287682022059130e+00
1.004760772782773870e+00
6.968348519157522958e+00
1.479135771389809406e+01
3.169766902572270340e+00
1.912466890363255345e+00
3.010092835552100610e-01
1.785015455192633738e+01
1.276885739225432559e+01
1.479901532516471718e+01
3.906753657996652862e+00
3.619247504857810327e+00
3.358822628812418998e+00
1.369192063021039019e+00
3.585740567009906954e+00
2.596541122372268262e+01
7.515578131070668633e+00
1.039807943167994608e+01
1.969770443186950359e+01
9.779946872444135408e+00
3.993238747454441295e+00
1.371894551347594415e-01
1.660155802234370270e+01
5.741495484674899785e+00
4.571910010629693488e+01
4.996521146490169230e+01
7.561941905025985022e+01
5.830738104725033821e+01
1.304949349068166953e+00
8.245665408039187128e+00
2.584714345785869227e+00
2.907610631493390940e+00
4.693979303716268703e+00
5.823242127514570399e+01
2.697965288346347990e+01
4.113827915120546663e+01
6.114373327701534322e+01
2.275591359948331061e+01
6.457644305317400324e+01
1.812290306684099761e+01
5.340209489147529354e+01
4.744598667179914742e+00
3.236998794851018602e+00
3.883796671166195580e+01
4.533589896882728709e+01
1.587699128682591976e+01
2.823392930000113665e+01
5.337255205439205952e+00
1.400837666031451789e+01
3.087721743613921532e+01
1.412404139770165301e+01
1.680706997390292656e+01
3.878223478775650790e+01
5.760385527841314968e+00
1.510572763081782455e+00
3.278927385710571230e+01
1.929403962313173793e+00
3.953231569224435304e+00
3.479282829510906794e+01
1.798074086687894635e+01
2.169209896545204685e+00
2.195284794986761767e+00
3.222371025792028831e+00
3.834142958620390118e-01
1.064971687507880915e+01
4.288245804595419486e+00
5.089920052528420058e+00
2.160709957689402927e+01
2.601471626325000841e+00
7.892603539005200730e+00
7.275385067298167030e+00
3.521162010600619396e+00
2.868180258222878365e+00
5.596323861595841720e+00
2.999193656285576992e+00
2.182377038490339771e+01
8.634057033093817779e+00
3.395692488788270680e+00
1.608385861469315614e+00
1.067167930580720281e+01
8.869492600703566154e+00
7.386440802731790711e+00
1.621596637494766924e+01
7.459322784057889066e-01
4.795660133908035760e+01
4.559682574559507628e+01
5.020990809834653845e+01
7.563873523787920305e+01
5.424834991350564906e+00
5.440281621714433413e-01
1.161073947184817001e+01
3.818064903233960194e+00
1.607365885390250071e+01
4.215364435533279419e+01
1.112402713952556610e+01
1.076826703199991186e+00
6.126600763771720182e+01
2.251121696603846090e+01
6.455712686555465041e+01
7.100544912274077092e+01
5.264117370457856993e+01
1.379524603370931857e+00
9.639778043870848023e+00
2.567191848925284603e+01
7.876233917210761604e+00
5.347945712784535033e+01
1.774497133376655711e-01
1.479047328107252923e+01
6.119351826197217292e+00
7.755298874837663448e+00
2.767717186836967969e+01
1.037806390433615888e+01
3.198184198366305964e+01
4.626218476026304671e+01
3.384606613609150827e+00
3.880356573001847664e+00
2.903232883213802040e+01
1.209678972824249854e+01
1.873838729494548261e+01
3.142419688580755377e+01
1.084033135142051663e+01
4.057792990490092677e+00
6.422416593561564468e+00
3.362563197503455115e+00
4.525055134681323921e+00
1.176819577710195830e+01
2.714141138296255917e+00
1.621617024081039915e+01
1.155473398642691052e+00
2.274782226924124018e+00
1.541623379687175088e+01
6.889793419902133564e+00
1.000858977368130809e+01
6.306790254394556428e-01
1.227938142289225709e+00
2.840870460819888166e+01
4.492416194274532870e+00
4.514171390811419826e+00
5.394001081422359789e+00
1.063441098753161640e+01
1.158213357754777206e+01
2.510186949482665852e+00
8.692336117081119085e+00
3.603406310097554410e-01
4.146917357599966891e+01
4.783432697837849901e+01
4.584152237903992244e+01
5.022922428596589839e+01
2.275618918197942975e+01
4.663913804453841294e+00
2.821045901637539544e+00
5.207960222828340591e+00
1.698411312564306996e+01
5.353332390551902620e+01
2.720280405933847589e+01
1.693245244713790498e+01
1.905090178331174400e+01
2.263349132674032305e+01
6.431243023210979004e+01
7.098613293512141809e+01
2.413723513212081562e-01
6.186034164742082453e-01
6.274703980061865138e+00
1.926913924023301661e+01
5.289814305198348166e+00
1.601979207622882484e+01
6.953389812800894276e+01
1.326600630559094185e+01
2.193712776046625379e+01
1.237242961167407174e+01
1.095534444260719908e+01
3.142314936173517381e+01
2.555283591409629196e+01
2.450189201115652082e+01
4.863796367449521085e+01
8.775535949692780946e+00
1.234115480341557713e-01
1.886494306620869565e+01
1.059482913592741937e+01
1.536975588564396844e+01
2.428378737034912405e+01
4.613328464385219263e+00
1.693388080847100241e-01
1.625176297339194775e-01
7.790776413158297942e-01
3.406576232658174774e+00
4.765808834210282896e+00
1.859194915504256329e+01
4.235455937440939067e+00
6.031727251891815911e+00
5.248848030942426135e+00
1.580182544426778435e+01
1.337722118298282226e+01
7.771088540897885366e+00
4.999064744746071653e+00
2.418157280962407896e+01
1.107735041757001682e+01
3.725305519921349173e-01
4.275522179399210643e+00
3.632024044639940996e+00
9.723956715791047145e+00
2.296181312773400407e+01
1.356858997033024394e+01
7.163289626856794712e+00
4.185476522339570238e+01
4.134689921529781031e+01
4.807902361182334516e+01
4.586083856665928238e+01
2.653321769933874918e+00
2.199526799508270614e+01
1.298839740644858409e+00
3.581733347382289878e+00
7.958087999580769178e+00
5.444377817725959545e+01
1.582312450915224389e+01
8.536755273249951870e-01
3.195276039373830201e+00
1.958161452766513477e+01
6.443470459281165574e+01
7.074143630167655772e+01
2.220561637018462209e-01
5.226394263942556506e+01
5.513782793165141527e+00
2.263421330404199949e+01
1.169259355421817759e+01
2.853743853819715071e+00
3.207423307639241017e+01
5.609044210908032824e+01
4.741932065420501630e+01
1.568404997498939935e+01
9.172384043904536099e+00
7.209366949241704958e+00
1.624837735197504074e+01
1.807288594158975314e+01
2.212611309692435668e+01
4.324703433841158073e+01
5.018590924725089053e+00
1.004397421789516898e+01
4.155656193037861357e+01
7.226197726625905204e+00
8.229346370185538717e+00
1.805678448331382668e+01
8.840460262960021964e+00
6.415595415210773922e+00
3.979123209085365431e+00
3.394012607073193522e-01
1.040896317554985018e+01
2.607189912754910210e+01
1.859677023208774926e+00
6.407979158081857918e-01
1.491903005974734242e+00
5.634439678338459601e+00
9.314397681187095657e+00
1.113971995019939953e+01
1.213947426020450138e+01
3.040857569665937632e+01
6.850218618995214115e+00
6.957464775287618863e+00
8.417163018218495552e+00
4.750502946663090142e+00
2.721569772899371742e+00
1.655722834395184861e+00
6.883036207921094274e+00
2.287035773607669853e+00
4.937839548126225253e+01
4.173249086269384378e+01
4.159159584874265647e+01
4.809833979944270510e+01
7.021707489240490929e+00
3.414242956830598530e+00
1.863019393127372325e+01
7.701618989664687831e+00
1.674778156979139965e+01
4.541775305119729467e+01
1.491267023741167463e+01
1.223335507751122719e+01
1.927405295918674000e+01
3.543724027160304502e+01
2.221959873840619792e+01
7.086371066237842342e+01
2.264046974300309989e-02
5.224462645180620513e+01
4.736876326273463178e+01
2.339513449093872310e+01
8.327519490409194702e+00
3.549035395200114351e+00
1.890818485398330040e+01
1.863077705746380275e+01
9.959655602588490808e+00
5.367239843968187074e+01
1.888409554275893498e+01
1.291836153727003023e+01
2.238413895900183803e+01
2.372832732448157955e+01
1.569710702735758900e+01
2.751704243300798680e+01
4.700397936337927263e+01
5.148794841204235695e+00
1.264764464627474894e+01
3.818793052107709940e+01
8.578821116747548103e-02
2.002343483150241354e+00
2.228391628188862938e+01
2.255526039664538018e+00
2.273954576391489013e+00
2.860644307062216285e+00
6.662985682184356051e+00
1.089712711778896903e+01
5.620272949297763887e+00
3.016576830040349932e+00
6.882832342058364361e+00
1.877494653370767708e+00
8.529880847422290913e-01
1.155189891397051838e+01
1.550810566950601554e+01
3.754898521211780604e+01
1.307722150603051148e+01
2.730332976712816162e+00
1.832228794923011606e+00
6.088621078438052336e-01
3.840048674922520888e+00
8.658109777286860265e+00
1.442305408541772493e+01
2.273866195185900807e+01
4.450214162801312767e+01
4.925612112056039393e+01
4.197718749613868994e+01
4.161091203636201641e+01
4.784206256457068207e+00
7.782628676137214541e+00
6.779317020639581415e+00
2.503297318029355267e+01
2.086766721207379760e+01
5.420744662140792514e+01
2.393869536347397542e+01
1.314380934925179645e+01
7.894373409000507991e+00
1.935846335179013877e+01
6.363972994468284128e+00
2.864860480797296560e+01
9.963389095885635816e-02
5.199992981836135897e+01
4.734944707511527184e+01
7.627768054683849641e+01
7.566598303512471091e+00
1.839613313911314663e-01
1.250540560496347098e+01
5.464728835054692979e+00
3.206392619820618961e+00
1.621273338806534525e+01
5.047235287191233510e+01
1.513811804939344086e+01
2.256410472490102848e+00
1.490418898649529922e+01
2.610410623871374369e+01
2.108803636344121912e+01
2.376009740804029491e+01
5.717136512930859737e+01
1.754282402296568222e+01
9.279013236973234768e+00
3.104752100561866968e+01
6.141214675867821882e+00
6.229475281725044056e+00
1.569898205859314544e+01
6.397166878483822927e+00
3.392433478414638159e+00
9.863031249953891688e+00
1.464310461115446316e+01
9.554499060462369187e+00
1.049652680254688875e+01
4.507053427826200220e+00
7.268423989454397827e+00
4.609933109709920984e+00
1.384513148041193631e+00
7.183513194663902368e+00
4.091761662141932021e+01
2.021763102148894120e+01
8.957335863748113525e+00
6.059360593497814307e+00
7.193796331139289180e+00
3.015921638967640206e-01
7.539630875263711118e+00
7.420667142526049531e+00
1.432571658520188862e+00
6.495376780626446589e+01
4.437986726731126907e+01
4.950081775400524009e+01
4.199650368375804987e+01
1.127163401953775690e+01
5.545127443353791818e+00
1.114770273994619743e+01
3.765377716197519931e-01
3.819902140270266244e+01
5.832733226369032309e+01
1.514900179326334495e+01
4.117784223189495663e+00
6.983919137259938736e+00
3.073814290197637078e+01
2.244274991428119392e+01
1.279297906403505181e+01
4.211547196344660193e+01
5.212220417906321757e+01
4.710475044167042569e+01
7.625836435921914358e+01
4.531594775238730222e+01
5.769598555055921452e-01
1.587047966877245386e+01
9.380504139651364426e-01
9.609171868840448383e+00
3.046685165656235483e+00
1.301268782029580962e+01
5.421833036527782923e+01
3.031289005915357393e+01
5.223539500016435966e+00
1.252841007226313508e+01
2.071317690263011357e+01
1.733109133847352723e+01
1.359271164211097016e+01
3.447974626513867946e+01
1.417419261366416805e+01
2.138603721514805045e+00
2.482051811858337231e+01
1.914082877293019180e+00
3.554589415704398903e-01
1.984062289741243035e+01
5.278687976460673781e+00
3.609953464477037244e+00
1.144305904338492752e+01
5.808521567096875060e+00
4.678245207213244328e+00
2.972896544680338593e+00
4.892645075222233686e+00
7.809962263737091348e-01
2.372431876926498262e+00
2.983872571265422380e+00
1.822599775724940230e+01
2.358626243079045537e+01
1.609774537920654325e+01
1.676422935374830558e-01
2.966664532564486478e+00
6.283342059398719925e+00
1.168127171408299603e+01
8.539146044549198677e+00
8.434958601411864265e+00
4.364767751292564668e+01
6.483149344556260019e+01
4.462456390075611523e+01
4.952013394162460003e+01
1.088604237214172343e+01
1.203255520643448051e+01
8.910201507162774703e+00
4.744923490926368004e+00
1.278951045078935778e+01
7.565868645431919504e+01
1.102911615098094700e+01
1.290747779340012613e+01
1.600994426332223952e+01
3.164859717371694003e+01
1.106307036409496192e+01
2.887175598384796160e+01
5.797109770738451573e+01
9.907098324657759747e+00
4.722702480237228428e+01
7.601366772577428321e+01
4.529663156476794228e+01
5.345950591140536545e+01
1.663140085566917747e+01
2.427023649843846442e+00
6.244097805031465498e+00
3.356094083363593938e+00
1.533604021133001538e-01
1.675866531366130374e+01
3.904355835551769616e+01
2.283294008664703512e+01
7.599318414248600106e+00
1.791933940834676520e+01
2.447012192759780547e+01
7.163705572544202482e+00
3.628433050628088807e+01
3.784837767444019363e+01
7.033783098205738327e+00
4.088399165520492318e+00
2.904764991715817501e+01
8.499017100588503126e+00
3.786181897248845019e+00
1.872214399538928120e+01
1.228107491935234918e+01
1.769613682886178196e+01
9.008567134866410697e+00
9.322677138477502012e-01
1.220187546507979448e+01
2.587304897284305127e+00
1.594782687858455006e+00
3.018497459157131857e+00
6.740817596233114273e+00
2.839338352317872705e+01
8.946435666205374559e-01
1.946637678850805742e+01
7.308051808995912779e+00
9.193667419599783841e+00
2.056210260823917224e+00
5.096337490787512081e+00
4.397505205729913769e+00
7.316479699388715119e+00
5.065006445581732208e+01
4.352540315222378808e+01
6.507619007900746055e+01
4.464388008837547517e+01
3.362412114275173280e+00
1.164696355903844704e+01
1.539762927024346340e+01
2.507422258142945282e+00
8.421124731482741765e+00
5.024917550240588326e+01
6.302238039647917844e+00
1.702736343568252408e+01
7.220250693111609053e+00
2.262257204765463925e+01
1.015261609235439266e+01
1.749207643366172960e+01
4.189232078757160593e+01
5.948527419280154049e+00
5.011918947966826465e+00
7.613594208647614892e+01
4.505193493132309612e+01
5.344018972378600552e+01
6.951394691156895078e+01
3.187944836740570054e+00
5.483176618134741886e+00
8.979980445388946464e-03
6.556139651133129576e+00
3.592617091252193973e+00
1.583893303901170668e+00
4.652350832802423497e+01
2.045716117241487098e+01
2.208389078164969987e+00
1.416239438337907330e+01
3.463750769352712666e+01
2.985532443671412040e+01
3.291569909697937391e+01
4.498878718989862335e+01
8.067802111704409640e-01
1.387326330543103836e-01
2.246271569386269107e+01
4.357376261769218218e+00
2.667702995225695872e+00
2.572453093828095660e+01
9.025015373986470024e+00
2.755489349389556253e+00
4.132313281617285838e+00
8.455897971714300354e+00
1.258746711247582795e+01
9.074732660364993819e+00
6.427185449249677163e-01
1.349888260149484154e+00
3.215032854814641894e+01
1.106202933254986220e+01
3.225242075661860497e+00
1.067668321829742695e+01
1.633407693505821356e+01
8.283213147859214587e+00
9.323469289362314782e+00
1.098243942902539771e+01
1.145812053820800003e+01
4.953158555379417294e+01
5.052779009511546349e+01
4.377009978566863424e+01
6.509550626662681339e+01
8.238665967524298139e+00
4.123333301171896892e+00
1.501203762284742993e+01
8.994850021223633973e+00
1.065862596426616449e+01
4.588078978309926725e+01
1.910727291226538682e+01
3.435871762631138893e+01
3.100365050829211100e+00
3.141226561786526972e+01
1.917864121841669345e+01
1.658162216192116034e+01
5.327200033775783794e+01
1.013024950053275575e+01
1.084370679597108733e+01
3.392083623207069110e+01
4.517420929202495472e+01
5.319549309034115936e+01
6.949463072394959795e+01
5.607049089264034336e+01
4.739936943776503142e+01
7.699011673421125579e-01
3.191065587324146691e+00
2.810162157767635449e+00
1.158215491850793910e+01
9.063843276407709482e+00
4.889928724225639911e+01
2.584809050849850109e+01
5.965334103132661880e+00
3.995008617449748556e+00
1.194588882935721230e+01
2.648669302741260623e+01
2.577528958152094418e+01
5.121579007693392072e+01
5.033912009745243665e+00
6.446201590241173562e+00
2.660435653268197598e+01
5.475855163792367364e+00
9.670089938117371275e+00
4.418440644942137396e+00
1.142661080426486819e+01
2.120764503859568606e+00
1.165594353948383599e+01
8.841489619110333820e+00
6.100039349395139254e+00
6.837231427581571097e+00
3.725667174381648294e+00
2.675939921206278882e+01
1.481897435751755410e+01
6.942143690267464251e+00
1.201493564587249097e+01
1.970270834435972773e+01
1.542362266331764431e+01
3.096466402327017420e+00
6.755307630450595013e+00
4.873186314912516082e+00
5.367322639261345785e+01
4.940931119309231434e+01
5.077248672856030964e+01
4.378941597328799418e+01
1.221296021072704008e+01
8.999587154421021751e+00
7.488407364980879777e+00
8.609258373827600508e+00
4.171198201185475796e+00
4.811829101588268998e+01
2.347565863157200283e+01
8.949206674398084260e+00
1.423098913979965374e+01
3.553215126014767122e+01
1.038894764820606298e+01
2.560764728798346113e+01
5.418245460949840719e+01
1.249430049653476260e+00
5.235070123841822465e+00
1.806521048813277730e+01
2.959103437619496901e+00
5.331776745104301796e+01
6.924993409050473758e+01
5.605117470502098342e+01
4.738005325014567148e+01
5.365244722324188587e+01
2.430144400427423079e+00
5.549119060413474358e-01
1.798493416752776852e+01
4.102204946001400288e+00
1.143962219063987362e+01
4.350835790617276899e+01
2.209114548353080920e+01
1.613271986906198663e+01
2.668662748161966647e+01
1.531452023865872647e+01
1.934628351195417650e+01
1.954828669448564682e+01
4.698865827835911801e+01
1.551022213550240281e+00
2.304560751421888654e+00
2.548587763065882683e+01
1.526531779099308039e+00
1.163600035522144793e+01
2.487006682319347561e+01
6.550356951015743334e+00
5.402865754006981547e+00
1.204153518687986946e+01
2.354061856029645128e+00
8.337540582178561976e+00
1.120561714688818711e+01
2.913517812629495296e+01
9.428045021433923978e+00
1.069908871523515614e+01
1.847549879943166218e+00
2.988910519810190181e+00
1.879225407261915848e+01
4.043943113131412304e+00
1.298231051748589238e+01
9.100318113487318783e+00
4.708829216931797390e+01
5.355095203191159925e+01
4.965400782653716050e+01
5.079180291617966958e+01
9.093130082611779130e+00
1.145203902383031647e+01
1.236466121823000464e+01
1.085628115961050355e+00
4.556789848581509261e+00
4.163086325280200128e+01
2.123815739878858011e+01
4.580820955091468250e+00
1.117852181211365092e+01
5.286350545077652896e+01
6.269062005923665026e+00
1.681795371777283066e+01
4.515642948343610641e+01
2.159884321394045514e+00
6.144609426344409542e+00
3.414398740794568710e+01
1.289652230631841690e+01
1.110266159663756014e+01
6.937220845120660329e+01
5.580647807157613727e+01
4.713535661670082533e+01
5.363313103562252593e+01
5.045240165547235023e+01
1.315833092938071047e+00
1.461986010371878564e+01
1.050498419502122971e+01
1.726426031769236147e+00
6.048692854556243503e+00
4.726530293114046088e+01
1.192375971760148445e+01
6.558898995107931285e+00
2.331799607231815230e+01
2.245492975411715619e+01
1.311928062491887914e+01
2.377541849306044952e+01
5.357359250165460196e+01
2.590618625269044628e+00
3.423039653445037800e+00
3.248826457355050223e+01
1.977955851423951117e+01
8.815625823029890284e+00
1.999381296994435075e+01
1.407398720888229349e+01
5.788457401403015012e+00
5.554107423799180765e+00
4.591563088813067850e+00
3.969154862871945966e+00
3.661512809880149177e+01
1.180382393566608812e+01
5.308159379151526025e+00
1.909395145024525675e+00
7.178475246119134567e+00
3.899364791550759435e+00
7.412574522432926472e+00
2.012272003294432210e+01
2.873315226452021420e+00
5.131542396789277660e+01
4.696601780861611530e+01
5.379564866535644541e+01
4.967332401415652043e+01
2.090743139720103727e+00
9.854051269508502742e+00
8.086964960021333582e+00
5.961881969210175214e+00
1.208042010644805941e+01
4.201645490019803475e+01
2.772558516186926880e+01
6.818322187874890972e+00
1.554690753142026693e+01
2.745399449886322785e+01
1.106229218470519982e+01
1.269806807549043270e+01
5.394612305364673688e+01
6.866140804668255271e+00
7.055063698084978796e+00
2.276430785775945509e+01
3.182254613494492901e+00
4.752964147300353659e+00
2.715710259680114547e+01
5.592875243227799587e+01
4.725763097740268392e+01
5.338843440217767977e+01
5.043308546785299029e+01
5.419837914883784435e+01
1.385893891682206203e+01
7.139910131212246824e+00
8.129205280789065569e+00
7.117355367852866266e+00
9.805637879523935396e+00
5.743268869706978563e+01
3.461537858177140237e+01
3.190267585806417117e+00
1.617758655685972258e+01
2.868193264115245356e+01
1.734641242349368184e+01
1.719048426976496557e+01
4.943195166283531705e+01
1.472139723245895482e+00
3.579347289446637603e+00
1.118217428021168303e+01
6.720676640118270484e-01
3.939371969780765426e+00
2.751744322781090091e+01
1.445957885627832695e+01
6.989703616776736794e-01
7.791608656582603487e+00
2.231773695064518392e-01
2.144035608904135870e+01
1.928377390817262693e+01
7.683938293383690166e+00
3.481534191059104444e+00
1.093542027108682646e+01
6.268020974378565313e+00
1.527904434173699144e+01
2.349135144224583627e+01
4.267094289006408303e+00
4.508842108085747924e+01
5.119314960719091800e+01
4.721071444206096146e+01
5.381496485297580534e+01
3.209222041743252873e+00
2.851664326616827339e+00
1.321912533331748563e+01
1.448974420904116300e+01
7.204166253198934555e+00
4.954008515806458490e+01
2.733999351447323534e+01
3.308944247942022798e-01
1.330940629863684421e+01
2.308560877955661184e+01
1.434721876720810485e+01
4.633286115138432137e+00
5.806600869592913483e+01
1.923552765542375198e+00
1.970961427977321989e+00
2.185385358601888584e+01
8.197424936691739106e+00
1.132581277251255614e+01
1.130147685286323167e+01
1.371364657787253805e+01
5.042525122997226106e+00
5.351070876287953837e+01
5.018838883440814413e+01
5.417906296121848442e+01
3.902360713907771128e+01
6.378988944315523213e+00
4.764131216980082684e+00
1.352013461687269569e+01
3.360410342885174373e+00
1.997302364545326014e+01
3.474106983289986772e+01
3.124674717246988820e+01
3.950141929652012607e+00
9.950583669824425215e+00
2.445480084257765085e+01
1.076147820019819790e+01
2.133212510858425048e+01
5.055043056485846620e+01
8.474526666137570885e+00
1.772674300389218160e+01
3.163380045846302124e+01
4.204186189237297810e+00
1.146300222764731558e+01
2.790303487520693437e+01
7.972151093197638261e+00
1.538530871105749043e+00
3.423222937275987476e+00
2.518633358240685283e+01
4.109001898412493858e+00
1.516388826589022898e+01
1.105755276826940303e+00
5.544490935003196341e+00
1.002496599934625721e+01
5.111658575807666693e+00
7.997325780759183544e-01
7.635725698307922471e+00
3.794801156539904952e+01
4.496614672015562064e+01
5.143784624063576416e+01
4.723003062968032140e+01
9.324187970760320354e-01
3.970143228639976485e+00
6.216738390425810223e+00
6.816346084297656205e+00
2.765579243145027277e+01
4.466383130481546004e+01
1.981636325660668518e+01
7.164860721902357454e-01
1.979683406171753290e+01
2.532311001234003456e+01
1.871560448651472086e+01
2.077622483677487253e+01
7.539736288655799967e+01
6.043438407824773151e+00
6.818732142233308480e+00
3.087987871208118662e+01
9.107879208432308360e+00
5.386677767367586966e-02
2.738025377267614147e+01
2.141979166065375750e+00
1.081310062094068769e+01
1.129560290847408055e+01
5.031066319511000273e+01
5.393436632777363826e+01
3.900429095145835134e+01
4.650355711158425009e+01
4.003210030083359072e+00
1.015506055306371280e+01
9.763189591905003795e+00
6.806975423044150375e+00
2.718595218716657769e+00
3.810970124220138189e+01
2.410633765701145848e+01
1.017714481668730997e+01
1.417771546839922792e+01
3.103973506587313480e+01
1.490311903901748281e+01
2.021364620656110134e+01
4.354804362196679079e+01
1.283156362720124832e+01
2.724883174359156612e+00
2.675754660521389638e+01
3.319444068629252342e+00
1.184859387504334904e+01
2.141560711212624568e+01
1.020965232598106098e+01
2.829854848200866968e+00
2.198628801463731719e+01
7.854979391777987985e+00
1.088374386990409448e-02
6.374194695679598510e+00
7.920269849235360482e+00
4.634036663262627087e+00
1.354713550839974801e+00
1.096711834400524310e+01
1.505589316586199544e+01
3.457938015609753535e+01
3.782573720469719092e+01
4.521084335360046680e+01
5.145716242825512410e+01
5.652515426219451911e+00
1.714976101793084240e-01
7.335217292448959370e+00
1.860408585940191983e-01
6.349702138111453564e+00
6.511545748306680537e+01
2.469261710985581004e+01
8.240116330056785898e+00
1.941124241432149944e+01
1.883568224925934587e+01
1.647810325373129814e+01
2.514461055608148854e+01
4.998785193464469501e+01
2.337479259845363799e+01
1.093861778451570643e+01
2.209018514187055615e+01
8.185408237000757481e-02
9.643210494142451239e-01
1.600057422248990946e+01
1.393679775374753405e+01
5.265676298872222105e+00
4.560022835463833246e+00
8.095557340704544913e+00
5.405664068847549686e+01
3.875959431801350519e+01
4.648424092396489016e+01
4.887933602581641424e+01
9.394139366166989191e+00
6.398115528096020910e+00
4.041961740243209533e-01
1.588464344112576754e+01
6.500361905848563993e-01
4.525011075765981161e+01
1.787933476997616111e+01
5.950013018112507268e+00
7.592781245103743970e+00
2.689809422705384989e+01
1.378464013699433366e+01
2.721603314945277674e+01
6.485413391530561000e+01
7.620062551050089894e+00
2.151370678889968246e+00
3.428117686308044654e+01
3.705035716025285808e+00
5.361166111962660352e+00
2.365310834490966840e+01
5.841266606674444972e+00
2.823936580011417163e+01
4.654933824008452348e+00
3.735093749495590032e+00
8.800577314080534563e+00
1.540021982174189930e+01
7.009815577494791228e+00
6.745642886923604920e+00
1.472406336897293500e+01
4.888507399932670694e+00
5.727099902026745326e+01
3.445710579539567675e+01
3.807043383814203708e+01
4.523015954121982674e+01
1.425383627644649209e+00
6.413436613116175522e+00
3.193576453629674461e+00
9.324380434291299480e-01
1.335208908100312897e+01
4.380936718972797905e+01
4.240990931604471825e+00
3.363862476807661039e+00
1.188761215645494929e+01
1.922127389665537933e+01
2.296553101681198683e+01
2.290710932329806582e+01
4.561946621533807900e+01
2.034718353459666673e+00
2.826997197514457127e+01
1.797029949958815820e+01
8.871547652580638044e+00
8.061704076648055661e+00
1.509011995074934021e+01
2.557118203561302039e+00
6.114003251314009901e+00
1.151875408434907655e+01
7.760068403233368883e+00
1.184153483407003904e+01
3.888186867871536379e+01
4.623954429052004400e+01
4.886001983819705430e+01
4.348840668973278412e+01
5.637194341199297298e+00
3.769270237833303838e+00
2.228742269014559696e+01
1.251601203182425337e+01
7.790445706043286123e+00
5.147711364469510897e+01
2.210646656855096381e+01
1.253494724140799121e+01
1.173442208392302888e+01
2.801657312907699904e+01
2.078702707988600906e+01
5.909942856113957532e+00
4.440250773705427179e+01
2.743808697800965035e+00
5.372259578976581906e+00
3.466676851047648000e+01
2.782392047055402884e+00
7.598667344746083074e+00
1.928472262560305239e+01
1.956824434523885969e+01
1.090801160948530679e+01
5.350481817260543949e-01
5.054599820715040437e+00
2.254478119817662218e-01
1.448976555000133004e+01
4.369863972691440779e+00
9.333134032889304876e+00
1.131562374964978801e+00
4.710361325433812851e+01
5.714872465956559466e+01
3.470180242884052291e+01
3.808975002576139701e+01
7.652386514679946572e+00
2.186304814541372821e+00
9.778510676925158407e+00
3.209202795390154961e+00
1.223361017897997982e+01
5.081175413261965446e+01
2.554708122494329103e+01
2.381548865505899926e+01
1.676386600970407414e+01
2.674490415452192948e+01
2.257993936941595337e+01
2.939453708637875451e+01
4.785696744812150172e+01
6.403104072766282684e+00
2.860461023231266608e+00
6.389453089592933566e-01
1.299143329486303600e+01
7.279894935625748076e-01
2.411614507681164099e+01
1.646663931820732785e+00
7.024457523054579156e+00
1.390745341628445431e-01
8.318708516579540913e+00
4.014090909867874757e+00
3.333237175690094034e+00
4.636181865122190260e+01
4.861532320475220814e+01
4.346909050211342418e+01
4.724535171470047601e+01
4.530191424730027450e+00
1.892234862633661407e+01
1.891879128084408279e+01
5.375602516365823647e+00
1.401744859307858349e+01
4.724998184612030627e+01
1.552153234525547987e+01
8.393306402588706305e+00
1.061594318189987973e+01
2.101418618618532363e+01
5.190632134528101460e-01
2.636156903436529575e+01
4.927876159030339664e+01
1.026743895566751519e+01
5.757851226372615372e+00
2.817934074739579131e+01
5.448908142719801617e-01
3.230281625439467064e+00
6.124788326310252273e+00
2.236890154609994852e+00
6.788125967202908839e+00
8.254645388484576074e+00
3.971425305347260348e+00
6.850064597588030324e-01
3.110085999815098035e+00
1.170891294712146902e+01
6.522491711048608920e+00
4.334666822937043662e+01
4.698133889363626992e+01
5.739342129301044082e+01
3.472111861645988284e+01
1.479279603013837630e+01
8.413307701576670183e+00
5.551378878350355706e+00
3.375731427905328985e+00
1.637525101779926473e+01
4.969327523059650531e+01
1.854469428205161563e+01
2.509398361720180048e+00
3.687760168547264072e+00
2.186865030127280463e+01
1.505630911154940321e+01
2.900894543898272104e+01
4.136953968504081303e+01
4.165602839982859962e+00
1.507924696075349402e+00
2.604845626087259802e+01
3.032278748549190084e+01
4.847875135844972760e+00
1.532645150660101052e+01
1.067268905788303357e+01
2.001567603007721630e+00
7.713797375777247112e-01
3.060971033606691094e+00
1.206468600994503504e+01
1.918886291962800783e+01
4.146712796816444779e+00
4.873759756545406674e+01
4.322439386866857802e+01
4.722603552708111607e+01
5.741273748062980076e+01
1.816142743943989046e+01
1.555371721703509991e+01
1.177838176538565307e+01
8.514003706694737161e-01
9.790316794503780784e+00
5.383491606941579022e+01
1.966317318407476478e+01
9.511785304611855452e+00
1.761833012479155514e+01
4.232027647952413929e+01
1.993256296479852807e+01
2.148531518111617089e+01
4.175513133243684649e+01
1.065303060306354865e+01
7.295765367080733199e-01
3.041684198017921403e+01
4.913276533578596172e+00
2.217922932647383760e+01
1.120656586431861257e+01
1.882995487672403101e+00
2.001567603007721630e+00
7.713797375777247112e-01
3.060971033606691094e+00
1.206468600994503504e+01
1.918886291962800783e+01
4.146712796816444779e+00
4.873759756545406674e+01
4.322439386866857802e+01
4.722603552708111607e+01
5.741273748062980076e+01
1.816142743943989046e+01
1.555371721703509991e+01
1.177838176538565307e+01
8.514003706694737161e-01
9.790316794503780784e+00
5.383491606941579022e+01
1.966317318407476478e+01
9.511785304611855452e+00
1.761833012479155514e+01
4.232027647952413929e+01
1.993256296479852807e+01
2.148531518111617089e+01
4.175513133243684649e+01
1.065303060306354865e+01
7.295765367080733199e-01
3.041684198017921403e+01
4.913276533578596172e+00
2.217922932647383760e+01
1.120656586431861257e+01
1.882995487672403101e+00
6.788125967202908839e+00
8.254645388484576074e+00
3.971425305347260348e+00
6.850064597588030324e-01
3.110085999815098035e+00
1.170891294712146902e+01
6.522491711048608920e+00
4.334666822937043662e+01
4.698133889363626992e+01
5.739342129301044082e+01
3.472111861645988284e+01
1.479279603013837630e+01
8.413307701576670183e+00
5.551378878350355706e+00
3.375731427905328985e+00
1.637525101779926473e+01
4.969327523059650531e+01
1.854469428205161563e+01
2.509398361720180048e+00
3.687760168547264072e+00
2.186865030127280463e+01
1.505630911154940321e+01
2.900894543898272104e+01
4.136953968504081303e+01
4.165602839982859962e+00
1.507924696075349402e+00
2.604845626087259802e+01
3.032278748549190084e+01
4.847875135844972760e+00
1.532645150660101052e+01
1.067268905788303357e+01
7.024457523054579156e+00
1.390745341628445431e-01
8.318708516579540913e+00
4.014090909867874757e+00
3.333237175690094034e+00
4.636181865122190260e+01
4.861532320475220814e+01
4.346909050211342418e+01
4.724535171470047601e+01
4.530191424730027450e+00
1.892234862633661407e+01
1.891879128084408279e+01
5.375602516365823647e+00
1.401744859307858349e+01
4.724998184612030627e+01
1.552153234525547987e+01
8.393306402588706305e+00
1.061594318189987973e+01
2.101418618618532363e+01
5.190632134528101460e-01
2.636156903436529575e+01
4.927876159030339664e+01
1.026743895566751519e+01
5.757851226372615372e+00
2.817934074739579131e+01
5.448908142719801617e-01
3.230281625439467064e+00
6.124788326310252273e+00
2.236890154609994852e+00
1.090801160948530679e+01
5.350481817260543949e-01
5.054599820715040437e+00
2.254478119817662218e-01
1.448976555000133004e+01
4.369863972691440779e+00
9.333134032889304876e+00
1.131562374964978801e+00
4.710361325433812851e+01
5.714872465956559466e+01
3.470180242884052291e+01
3.808975002576139701e+01
7.652386514679946572e+00
2.186304814541372821e+00
9.778510676925158407e+00
3.209202795390154961e+00
1.223361017897997982e+01
5.081175413261965446e+01
2.554708122494329103e+01
2.381548865505899926e+01
1.676386600970407414e+01
2.674490415452192948e+01
2.257993936941595337e+01
2.939453708637875451e+01
4.785696744812150172e+01
6.403104072766282684e+00
2.860461023231266608e+00
6.389453089592933566e-01
1.299143329486303600e+01
7.279894935625748076e-01
2.411614507681164099e+01
1.646663931820732785e+00
6.114003251314009901e+00
1.151875408434907655e+01
7.760068403233368883e+00
1.184153483407003904e+01
3.888186867871536379e+01
4.623954429052004400e+01
4.886001983819705430e+01
4.348840668973278412e+01
5.637194341199297298e+00
3.769270237833303838e+00
2.228742269014559696e+01
1.251601203182425337e+01
7.790445706043286123e+00
5.147711364469510897e+01
2.210646656855096381e+01
1.253494724140799121e+01
1.173442208392302888e+01
2.801657312907699904e+01
2.078702707988600906e+01
5.909942856113957532e+00
4.440250773705427179e+01
2.743808697800965035e+00
5.372259578976581906e+00
3.466676851047648000e+01
2.782392047055402884e+00
7.598667344746083074e+00
1.928472262560305239e+01
1.956824434523885969e+01
2.823936580011417163e+01
4.654933824008452348e+00
3.735093749495590032e+00
8.800577314080534563e+00
1.540021982174189930e+01
7.009815577494791228e+00
6.745642886923604920e+00
1.472406336897293500e+01
4.888507399932670694e+00
5.727099902026745326e+01
3.445710579539567675e+01
3.807043383814203708e+01
4.523015954121982674e+01
1.425383627644649209e+00
6.413436613116175522e+00
3.193576453629674461e+00
9.324380434291299480e-01
1.335208908100312897e+01
4.380936718972797905e+01
4.240990931604471825e+00
3.363862476807661039e+00
1.188761215645494929e+01
1.922127389665537933e+01
2.296553101681198683e+01
2.290710932329806582e+01
4.561946621533807900e+01
2.034718353459666673e+00
2.826997197514457127e+01
1.797029949958815820e+01
8.871547652580638044e+00
8.061704076648055661e+00
1.509011995074934021e+01
2.557118203561302039e+00
5.265676298872222105e+00
4.560022835463833246e+00
8.095557340704544913e+00
5.405664068847549686e+01
3.875959431801350519e+01
4.648424092396489016e+01
4.887933602581641424e+01
9.394139366166989191e+00
6.398115528096020910e+00
4.041961740243209533e-01
1.588464344112576754e+01
6.500361905848563993e-01
4.525011075765981161e+01
1.787933476997616111e+01
5.950013018112507268e+00
7.592781245103743970e+00
2.689809422705384989e+01
1.378464013699433366e+01
2.721603314945277674e+01
6.485413391530561000e+01
7.620062551050089894e+00
2.151370678889968246e+00
3.428117686308044654e+01
3.705035716025285808e+00
5.361166111962660352e+00
2.365310834490966840e+01
5.841266606674444972e+00
2.829854848200866968e+00
2.198628801463731719e+01
7.854979391777987985e+00
1.088374386990409448e-02
6.374194695679598510e+00
7.920269849235360482e+00
4.634036663262627087e+00
1.354713550839974801e+00
1.096711834400524310e+01
1.505589316586199544e+01
3.457938015609753535e+01
3.782573720469719092e+01
4.521084335360046680e+01
5.145716242825512410e+01
5.652515426219451911e+00
1.714976101793084240e-01
7.335217292448959370e+00
1.860408585940191983e-01
6.349702138111453564e+00
6.511545748306680537e+01
2.469261710985581004e+01
8.240116330056785898e+00
1.941124241432149944e+01
1.883568224925934587e+01
1.647810325373129814e+01
2.514461055608148854e+01
4.998785193464469501e+01
2.337479259845363799e+01
1.093861778451570643e+01
2.209018514187055615e+01
8.185408237000757481e-02
9.643210494142451239e-01
1.600057422248990946e+01
1.393679775374753405e+01
1.081310062094068769e+01
1.129560290847408055e+01
5.031066319511000273e+01
5.393436632777363826e+01
3.900429095145835134e+01
4.650355711158425009e+01
4.003210030083359072e+00
1.015506055306371280e+01
9.763189591905003795e+00
6.806975423044150375e+00
2.718595218716657769e+00
3.810970124220138189e+01
2.410633765701145848e+01
1.017714481668730997e+01
1.417771546839922792e+01
3.103973506587313480e+01
1.490311903901748281e+01
2.021364620656110134e+01
4.354804362196679079e+01
1.283156362720124832e+01
2.724883174359156612e+00
2.675754660521389638e+01
3.319444068629252342e+00
1.184859387504334904e+01
2.141560711212624568e+01
1.020965232598106098e+01
1.538530871105749043e+00
3.423222937275987476e+00
2.518633358240685283e+01
4.109001898412493858e+00
1.516388826589022898e+01
1.105755276826940303e+00
5.544490935003196341e+00
1.002496599934625721e+01
5.111658575807666693e+00
7.997325780759183544e-01
7.635725698307922471e+00
3.794801156539904952e+01
4.496614672015562064e+01
5.143784624063576416e+01
4.723003062968032140e+01
9.324187970760320354e-01
3.970143228639976485e+00
6.216738390425810223e+00
6.816346084297656205e+00
2.765579243145027277e+01
4.466383130481546004e+01
1.981636325660668518e+01
7.164860721902357454e-01
1.979683406171753290e+01
2.532311001234003456e+01
1.871560448651472086e+01
2.077622483677487253e+01
7.539736288655799967e+01
6.043438407824773151e+00
6.818732142233308480e+00
3.087987871208118662e+01
9.107879208432308360e+00
5.386677767367586966e-02
2.738025377267614147e+01
2.141979166065375750e+00
5.042525122997226106e+00
5.351070876287953837e+01
5.018838883440814413e+01
5.417906296121848442e+01
3.902360713907771128e+01
6.378988944315523213e+00
4.764131216980082684e+00
1.352013461687269569e+01
3.360410342885174373e+00
1.997302364545326014e+01
3.474106983289986772e+01
3.124674717246988820e+01
3.950141929652012607e+00
9.950583669824425215e+00
2.445480084257765085e+01
1.076147820019819790e+01
2.133212510858425048e+01
5.055043056485846620e+01
8.474526666137570885e+00
1.772674300389218160e+01
3.163380045846302124e+01
4.204186189237297810e+00
1.146300222764731558e+01
2.790303487520693437e+01
7.972151093197638261e+00
6.989703616776736794e-01
7.791608656582603487e+00
2.231773695064518392e-01
2.144035608904135870e+01
1.928377390817262693e+01
7.683938293383690166e+00
3.481534191059104444e+00
1.093542027108682646e+01
6.268020974378565313e+00
1.527904434173699144e+01
2.349135144224583627e+01
4.267094289006408303e+00
4.508842108085747924e+01
5.119314960719091800e+01
4.721071444206096146e+01
5.381496485297580534e+01
3.209222041743252873e+00
2.851664326616827339e+00
1.321912533331748563e+01
1.448974420904116300e+01
7.204166253198934555e+00
4.954008515806458490e+01
2.733999351447323534e+01
3.308944247942022798e-01
1.330940629863684421e+01
2.308560877955661184e+01
1.434721876720810485e+01
4.633286115138432137e+00
5.806600869592913483e+01
1.923552765542375198e+00
1.970961427977321989e+00
2.185385358601888584e+01
8.197424936691739106e+00
1.132581277251255614e+01
1.130147685286323167e+01
1.371364657787253805e+01
4.725763097740268392e+01
5.338843440217767977e+01
5.043308546785299029e+01
5.419837914883784435e+01
1.385893891682206203e+01
7.139910131212246824e+00
8.129205280789065569e+00
7.117355367852866266e+00
9.805637879523935396e+00
5.743268869706978563e+01
3.461537858177140237e+01
3.190267585806417117e+00
1.617758655685972258e+01
2.868193264115245356e+01
1.734641242349368184e+01
1.719048426976496557e+01
4.943195166283531705e+01
1.472139723245895482e+00
3.579347289446637603e+00
1.118217428021168303e+01
6.720676640118270484e-01
3.939371969780765426e+00
2.751744322781090091e+01
1.445957885627832695e+01
5.788457401403015012e+00
5.554107423799180765e+00
4.591563088813067850e+00
3.969154862871945966e+00
3.661512809880149177e+01
1.180382393566608812e+01
5.308159379151526025e+00
1.909395145024525675e+00
7.178475246119134567e+00
3.899364791550759435e+00
7.412574522432926472e+00
2.012272003294432210e+01
2.873315226452021420e+00
5.131542396789277660e+01
4.696601780861611530e+01
5.379564866535644541e+01
4.967332401415652043e+01
2.090743139720103727e+00
9.854051269508502742e+00
8.086964960021333582e+00
5.961881969210175214e+00
1.208042010644805941e+01
4.201645490019803475e+01
2.772558516186926880e+01
6.818322187874890972e+00
1.554690753142026693e+01
2.745399449886322785e+01
1.106229218470519982e+01
1.269806807549043270e+01
5.394612305364673688e+01
6.866140804668255271e+00
7.055063698084978796e+00
2.276430785775945509e+01
3.182254613494492901e+00
4.752964147300353659e+00
2.715710259680114547e+01
5.592875243227799587e+01
4.713535661670082533e+01
5.363313103562252593e+01
5.045240165547235023e+01
1.315833092938071047e+00
1.461986010371878564e+01
1.050498419502122971e+01
1.726426031769236147e+00
6.048692854556243503e+00
4.726530293114046088e+01
1.192375971760148445e+01
6.558898995107931285e+00
2.331799607231815230e+01
2.245492975411715619e+01
1.311928062491887914e+01
2.377541849306044952e+01
5.357359250165460196e+01
2.590618625269044628e+00
3.423039653445037800e+00
3.248826457355050223e+01
1.977955851423951117e+01
8.815625823029890284e+00
1.999381296994435075e+01
1.407398720888229349e+01
5.402865754006981547e+00
1.204153518687986946e+01
2.354061856029645128e+00
8.337540582178561976e+00
1.120561714688818711e+01
2.913517812629495296e+01
9.428045021433923978e+00
1.069908871523515614e+01
1.847549879943166218e+00
2.988910519810190181e+00
1.879225407261915848e+01
4.043943113131412304e+00
1.298231051748589238e+01
9.100318113487318783e+00
4.708829216931797390e+01
5.355095203191159925e+01
4.965400782653716050e+01
5.079180291617966958e+01
9.093130082611779130e+00
1.145203902383031647e+01
1.236466121823000464e+01
1.085628115961050355e+00
4.556789848581509261e+00
4.163086325280200128e+01
2.123815739878858011e+01
4.580820955091468250e+00
1.117852181211365092e+01
5.286350545077652896e+01
6.269062005923665026e+00
1.681795371777283066e+01
4.515642948343610641e+01
2.159884321394045514e+00
6.144609426344409542e+00
3.414398740794568710e+01
1.289652230631841690e+01
1.110266159663756014e+01
6.937220845120660329e+01
5.580647807157613727e+01
4.738005325014567148e+01
5.365244722324188587e+01
2.430144400427423079e+00
5.549119060413474358e-01
1.798493416752776852e+01
4.102204946001400288e+00
1.143962219063987362e+01
4.350835790617276899e+01
2.209114548353080920e+01
1.613271986906198663e+01
2.668662748161966647e+01
1.531452023865872647e+01
1.934628351195417650e+01
1.954828669448564682e+01
4.698865827835911801e+01
1.551022213550240281e+00
2.304560751421888654e+00
2.548587763065882683e+01
1.526531779099308039e+00
1.163600035522144793e+01
2.487006682319347561e+01
6.550356951015743334e+00
2.120764503859568606e+00
1.165594353948383599e+01
8.841489619110333820e+00
6.100039349395139254e+00
6.837231427581571097e+00
3.725667174381648294e+00
2.675939921206278882e+01
1.481897435751755410e+01
6.942143690267464251e+00
1.201493564587249097e+01
1.970270834435972773e+01
1.542362266331764431e+01
3.096466402327017420e+00
6.755307630450595013e+00
4.873186314912516082e+00
5.367322639261345785e+01
4.940931119309231434e+01
5.077248672856030964e+01
4.378941597328799418e+01
1.221296021072704008e+01
8.999587154421021751e+00
7.488407364980879777e+00
8.609258373827600508e+00
4.171198201185475796e+00
4.811829101588268998e+01
2.347565863157200283e+01
8.949206674398084260e+00
1.423098913979965374e+01
3.553215126014767122e+01
1.038894764820606298e+01
2.560764728798346113e+01
5.418245460949840719e+01
1.249430049653476260e+00
5.235070123841822465e+00
1.806521048813277730e+01
2.959103437619496901e+00
5.331776745104301796e+01
6.924993409050473758e+01
5.605117470502098342e+01
4.739936943776503142e+01
7.699011673421125579e-01
3.191065587324146691e+00
2.810162157767635449e+00
1.158215491850793910e+01
9.063843276407709482e+00
4.889928724225639911e+01
2.584809050849850109e+01
5.965334103132661880e+00
3.995008617449748556e+00
1.194588882935721230e+01
2.648669302741260623e+01
2.577528958152094418e+01
5.121579007693392072e+01
5.033912009745243665e+00
6.446201590241173562e+00
2.660435653268197598e+01
5.475855163792367364e+00
9.670089938117371275e+00
4.418440644942137396e+00
1.142661080426486819e+01
2.755489349389556253e+00
4.132313281617285838e+00
8.455897971714300354e+00
1.258746711247582795e+01
9.074732660364993819e+00
6.427185449249677163e-01
1.349888260149484154e+00
3.215032854814641894e+01
1.106202933254986220e+01
3.225242075661860497e+00
1.067668321829742695e+01
1.633407693505821356e+01
8.283213147859214587e+00
9.323469289362314782e+00
1.098243942902539771e+01
1.145812053820800003e+01
4.953158555379417294e+01
5.052779009511546349e+01
4.377009978566863424e+01
6.509550626662681339e+01
8.238665967524298139e+00
4.123333301171896892e+00
1.501203762284742993e+01
8.994850021223633973e+00
1.065862596426616449e+01
4.588078978309926725e+01
1.910727291226538682e+01
3.435871762631138893e+01
3.100365050829211100e+00
3.141226561786526972e+01
1.917864121841669345e+01
1.658162216192116034e+01
5.327200033775783794e+01
1.013024950053275575e+01
1.084370679597108733e+01
3.392083623207069110e+01
4.517420929202495472e+01
5.319549309034115936e+01
6.949463072394959795e+01
5.607049089264034336e+01
5.483176618134741886e+00
8.979980445388946464e-03
6.556139651133129576e+00
3.592617091252193973e+00
1.583893303901170668e+00
4.652350832802423497e+01
2.045716117241487098e+01
2.208389078164969987e+00
1.416239438337907330e+01
3.463750769352712666e+01
2.985532443671412040e+01
3.291569909697937391e+01
4.498878718989862335e+01
8.067802111704409640e-01
1.387326330543103836e-01
2.246271569386269107e+01
4.357376261769218218e+00
2.667702995225695872e+00
2.572453093828095660e+01
9.025015373986470024e+00
1.769613682886178196e+01
9.008567134866410697e+00
9.322677138477502012e-01
1.220187546507979448e+01
2.587304897284305127e+00
1.594782687858455006e+00
3.018497459157131857e+00
6.740817596233114273e+00
2.839338352317872705e+01
8.946435666205374559e-01
1.946637678850805742e+01
7.308051808995912779e+00
9.193667419599783841e+00
2.056210260823917224e+00
5.096337490787512081e+00
4.397505205729913769e+00
7.316479699388715119e+00
5.065006445581732208e+01
4.352540315222378808e+01
6.507619007900746055e+01
4.464388008837547517e+01
3.362412114275173280e+00
1.164696355903844704e+01
1.539762927024346340e+01
2.507422258142945282e+00
8.421124731482741765e+00
5.024917550240588326e+01
6.302238039647917844e+00
1.702736343568252408e+01
7.220250693111609053e+00
2.262257204765463925e+01
1.015261609235439266e+01
1.749207643366172960e+01
4.189232078757160593e+01
5.948527419280154049e+00
5.011918947966826465e+00
7.613594208647614892e+01
4.505193493132309612e+01
5.344018972378600552e+01
6.951394691156895078e+01
3.187944836740570054e+00
6.244097805031465498e+00
3.356094083363593938e+00
1.533604021133001538e-01
1.675866531366130374e+01
3.904355835551769616e+01
2.283294008664703512e+01
7.599318414248600106e+00
1.791933940834676520e+01
2.447012192759780547e+01
7.163705572544202482e+00
3.628433050628088807e+01
3.784837767444019363e+01
7.033783098205738327e+00
4.088399165520492318e+00
2.904764991715817501e+01
8.499017100588503126e+00
3.786181897248845019e+00
1.872214399538928120e+01
1.228107491935234918e+01
3.609953464477037244e+00
1.144305904338492752e+01
5.808521567096875060e+00
4.678245207213244328e+00
2.972896544680338593e+00
4.892645075222233686e+00
7.809962263737091348e-01
2.372431876926498262e+00
2.983872571265422380e+00
1.822599775724940230e+01
2.358626243079045537e+01
1.609774537920654325e+01
1.676422935374830558e-01
2.966664532564486478e+00
6.283342059398719925e+00
1.168127171408299603e+01
8.539146044549198677e+00
8.434958601411864265e+00
4.364767751292564668e+01
6.483149344556260019e+01
4.462456390075611523e+01
4.952013394162460003e+01
1.088604237214172343e+01
1.203255520643448051e+01
8.910201507162774703e+00
4.744923490926368004e+00
1.278951045078935778e+01
7.565868645431919504e+01
1.102911615098094700e+01
1.290747779340012613e+01
1.600994426332223952e+01
3.164859717371694003e+01
1.106307036409496192e+01
2.887175598384796160e+01
5.797109770738451573e+01
9.907098324657759747e+00
4.722702480237228428e+01
7.601366772577428321e+01
4.529663156476794228e+01
5.345950591140536545e+01
1.663140085566917747e+01
2.427023649843846442e+00
9.609171868840448383e+00
3.046685165656235483e+00
1.301268782029580962e+01
5.421833036527782923e+01
3.031289005915357393e+01
5.223539500016435966e+00
1.252841007226313508e+01
2.071317690263011357e+01
1.733109133847352723e+01
1.359271164211097016e+01
3.447974626513867946e+01
1.417419261366416805e+01
2.138603721514805045e+00
2.482051811858337231e+01
1.914082877293019180e+00
3.554589415704398903e-01
1.984062289741243035e+01
5.278687976460673781e+00
3.392433478414638159e+00
9.863031249953891688e+00
1.464310461115446316e+01
9.554499060462369187e+00
1.049652680254688875e+01
4.507053427826200220e+00
7.268423989454397827e+00
4.609933109709920984e+00
1.384513148041193631e+00
7.183513194663902368e+00
4.091761662141932021e+01
2.021763102148894120e+01
8.957335863748113525e+00
6.059360593497814307e+00
7.193796331139289180e+00
3.015921638967640206e-01
7.539630875263711118e+00
7.420667142526049531e+00
1.432571658520188862e+00
6.495376780626446589e+01
4.437986726731126907e+01
4.950081775400524009e+01
4.199650368375804987e+01
1.127163401953775690e+01
5.545127443353791818e+00
1.114770273994619743e+01
3.765377716197519931e-01
3.819902140270266244e+01
5.832733226369032309e+01
1.514900179326334495e+01
4.117784223189495663e+00
6.983919137259938736e+00
3.073814290197637078e+01
2.244274991428119392e+01
1.279297906403505181e+01
4.211547196344660193e+01
5.212220417906321757e+01
4.710475044167042569e+01
7.625836435921914358e+01
4.531594775238730222e+01
5.769598555055921452e-01
1.587047966877245386e+01
9.380504139651364426e-01
3.206392619820618961e+00
1.621273338806534525e+01
5.047235287191233510e+01
1.513811804939344086e+01
2.256410472490102848e+00
1.490418898649529922e+01
2.610410623871374369e+01
2.108803636344121912e+01
2.376009740804029491e+01
5.717136512930859737e+01
1.754282402296568222e+01
9.279013236973234768e+00
3.104752100561866968e+01
6.141214675867821882e+00
6.229475281725044056e+00
1.569898205859314544e+01
6.397166878483822927e+00
2.273954576391489013e+00
2.860644307062216285e+00
6.662985682184356051e+00
1.089712711778896903e+01
5.620272949297763887e+00
3.016576830040349932e+00
6.882832342058364361e+00
1.877494653370767708e+00
8.529880847422290913e-01
1.155189891397051838e+01
1.550810566950601554e+01
3.754898521211780604e+01
1.307722150603051148e+01
2.730332976712816162e+00
1.832228794923011606e+00
6.088621078438052336e-01
3.840048674922520888e+00
8.658109777286860265e+00
1.442305408541772493e+01
2.273866195185900807e+01
4.450214162801312767e+01
4.925612112056039393e+01
4.197718749613868994e+01
4.161091203636201641e+01
4.784206256457068207e+00
7.782628676137214541e+00
6.779317020639581415e+00
2.503297318029355267e+01
2.086766721207379760e+01
5.420744662140792514e+01
2.393869536347397542e+01
1.314380934925179645e+01
7.894373409000507991e+00
1.935846335179013877e+01
6.363972994468284128e+00
2.864860480797296560e+01
9.963389095885635816e-02
5.199992981836135897e+01
4.734944707511527184e+01
7.627768054683849641e+01
7.566598303512471091e+00
1.839613313911314663e-01
1.250540560496347098e+01
5.464728835054692979e+00
9.959655602588490808e+00
5.367239843968187074e+01
1.888409554275893498e+01
1.291836153727003023e+01
2.238413895900183803e+01
2.372832732448157955e+01
1.569710702735758900e+01
2.751704243300798680e+01
4.700397936337927263e+01
5.148794841204235695e+00
1.264764464627474894e+01
3.818793052107709940e+01
8.578821116747548103e-02
2.002343483150241354e+00
2.228391628188862938e+01
2.255526039664538018e+00
6.415595415210773922e+00
3.979123209085365431e+00
3.394012607073193522e-01
1.040896317554985018e+01
2.607189912754910210e+01
1.859677023208774926e+00
6.407979158081857918e-01
1.491903005974734242e+00
5.634439678338459601e+00
9.314397681187095657e+00
1.113971995019939953e+01
1.213947426020450138e+01
3.040857569665937632e+01
6.850218618995214115e+00
6.957464775287618863e+00
8.417163018218495552e+00
4.750502946663090142e+00
2.721569772899371742e+00
1.655722834395184861e+00
6.883036207921094274e+00
2.287035773607669853e+00
4.937839548126225253e+01
4.173249086269384378e+01
4.159159584874265647e+01
4.809833979944270510e+01
7.021707489240490929e+00
3.414242956830598530e+00
1.863019393127372325e+01
7.701618989664687831e+00
1.674778156979139965e+01
4.541775305119729467e+01
1.491267023741167463e+01
1.223335507751122719e+01
1.927405295918674000e+01
3.543724027160304502e+01
2.221959873840619792e+01
7.086371066237842342e+01
2.264046974300309989e-02
5.224462645180620513e+01
4.736876326273463178e+01
2.339513449093872310e+01
8.327519490409194702e+00
3.549035395200114351e+00
1.890818485398330040e+01
1.863077705746380275e+01
4.741932065420501630e+01
1.568404997498939935e+01
9.172384043904536099e+00
7.209366949241704958e+00
1.624837735197504074e+01
1.807288594158975314e+01
2.212611309692435668e+01
4.324703433841158073e+01
5.018590924725089053e+00
1.004397421789516898e+01
4.155656193037861357e+01
7.226197726625905204e+00
8.229346370185538717e+00
1.805678448331382668e+01
8.840460262960021964e+00
1.693388080847100241e-01
1.625176297339194775e-01
7.790776413158297942e-01
3.406576232658174774e+00
4.765808834210282896e+00
1.859194915504256329e+01
4.235455937440939067e+00
6.031727251891815911e+00
5.248848030942426135e+00
1.580182544426778435e+01
1.337722118298282226e+01
7.771088540897885366e+00
4.999064744746071653e+00
2.418157280962407896e+01
1.107735041757001682e+01
3.725305519921349173e-01
4.275522179399210643e+00
3.632024044639940996e+00
9.723956715791047145e+00
2.296181312773400407e+01
1.356858997033024394e+01
7.163289626856794712e+00
4.185476522339570238e+01
4.134689921529781031e+01
4.807902361182334516e+01
4.586083856665928238e+01
2.653321769933874918e+00
2.199526799508270614e+01
1.298839740644858409e+00
3.581733347382289878e+00
7.958087999580769178e+00
5.444377817725959545e+01
1.582312450915224389e+01
8.536755273249951870e-01
3.195276039373830201e+00
1.958161452766513477e+01
6.443470459281165574e+01
7.074143630167655772e+01
2.220561637018462209e-01
5.226394263942556506e+01
5.513782793165141527e+00
2.263421330404199949e+01
1.169259355421817759e+01
2.853743853819715071e+00
3.207423307639241017e+01
5.609044210908032824e+01
2.193712776046625379e+01
1.237242961167407174e+01
1.095534444260719908e+01
3.142314936173517381e+01
2.555283591409629196e+01
2.450189201115652082e+01
4.863796367449521085e+01
8.775535949692780946e+00
1.234115480341557713e-01
1.886494306620869565e+01
1.059482913592741937e+01
1.536975588564396844e+01
2.428378737034912405e+01
4.613328464385219263e+00
4.057792990490092677e+00
6.422416593561564468e+00
3.362563197503455115e+00
4.525055134681323921e+00
1.176819577710195830e+01
2.714141138296255917e+00
1.621617024081039915e+01
1.155473398642691052e+00
2.274782226924124018e+00
1.541623379687175088e+01
6.889793419902133564e+00
1.000858977368130809e+01
6.306790254394556428e-01
1.227938142289225709e+00
2.840870460819888166e+01
4.492416194274532870e+00
4.514171390811419826e+00
5.394001081422359789e+00
1.063441098753161640e+01
1.158213357754777206e+01
2.510186949482665852e+00
8.692336117081119085e+00
3.603406310097554410e-01
4.146917357599966891e+01
4.783432697837849901e+01
4.584152237903992244e+01
5.022922428596589839e+01
2.275618918197942975e+01
4.663913804453841294e+00
2.821045901637539544e+00
5.207960222828340591e+00
1.698411312564306996e+01
5.353332390551902620e+01
2.720280405933847589e+01
1.693245244713790498e+01
1.905090178331174400e+01
2.263349132674032305e+01
6.431243023210979004e+01
7.098613293512141809e+01
2.413723513212081562e-01
6.186034164742082453e-01
6.274703980061865138e+00
1.926913924023301661e+01
5.289814305198348166e+00
1.601979207622882484e+01
6.953389812800894276e+01
1.326600630559094185e+01
6.119351826197217292e+00
7.755298874837663448e+00
2.767717186836967969e+01
1.037806390433615888e+01
3.198184198366305964e+01
4.626218476026304671e+01
3.384606613609150827e+00
3.880356573001847664e+00
2.903232883213802040e+01
1.209678972824249854e+01
1.873838729494548261e+01
3.142419688580755377e+01
1.084033135142051663e+01
2.169209896545204685e+00
2.195284794986761767e+00
3.222371025792028831e+00
3.834142958620390118e-01
1.064971687507880915e+01
4.288245804595419486e+00
5.089920052528420058e+00
2.160709957689402927e+01
2.601471626325000841e+00
7.892603539005200730e+00
7.275385067298167030e+00
3.521162010600619396e+00
2.868180258222878365e+00
5.596323861595841720e+00
2.999193656285576992e+00
2.182377038490339771e+01
8.634057033093817779e+00
3.395692488788270680e+00
1.608385861469315614e+00
1.067167930580720281e+01
8.869492600703566154e+00
7.386440802731790711e+00
1.621596637494766924e+01
7.459322784057889066e-01
4.795660133908035760e+01
4.559682574559507628e+01
5.020990809834653845e+01
7.563873523787920305e+01
5.424834991350564906e+00
5.440281621714433413e-01
1.161073947184817001e+01
3.818064903233960194e+00
1.607365885390250071e+01
4.215364435533279419e+01
1.112402713952556610e+01
1.076826703199991186e+00
6.126600763771720182e+01
2.251121696603846090e+01
6.455712686555465041e+01
7.100544912274077092e+01
5.264117370457856993e+01
1.379524603370931857e+00
9.639778043870848023e+00
2.567191848925284603e+01
7.876233917210761604e+00
5.347945712784535033e+01
1.774497133376655711e-01
1.479047328107252923e+01
1.400837666031451789e+01
3.087721743613921532e+01
1.412404139770165301e+01
1.680706997390292656e+01
3.878223478775650790e+01
5.760385527841314968e+00
1.510572763081782455e+00
3.278927385710571230e+01
1.929403962313173793e+00
3.953231569224435304e+00
3.479282829510906794e+01
1.798074086687894635e+01
9.309619412003634409e+00
8.422287682022059130e+00
1.004760772782773870e+00
6.968348519157522958e+00
1.479135771389809406e+01
3.169766902572270340e+00
1.912466890363255345e+00
3.010092835552100610e-01
1.785015455192633738e+01
1.276885739225432559e+01
1.479901532516471718e+01
3.906753657996652862e+00
3.619247504857810327e+00
3.358822628812418998e+00
1.369192063021039019e+00
3.585740567009906954e+00
2.596541122372268262e+01
7.515578131070668633e+00
1.039807943167994608e+01
1.969770443186950359e+01
9.779946872444135408e+00
3.993238747454441295e+00
1.371894551347594415e-01
1.660155802234370270e+01
5.741495484674899785e+00
4.571910010629693488e+01
4.996521146490169230e+01
7.561941905025985022e+01
5.830738104725033821e+01
1.304949349068166953e+00
8.245665408039187128e+00
2.584714345785869227e+00
2.907610631493390940e+00
4.693979303716268703e+00
5.823242127514570399e+01
2.697965288346347990e+01
4.113827915120546663e+01
6.114373327701534322e+01
2.275591359948331061e+01
6.457644305317400324e+01
1.812290306684099761e+01
5.340209489147529354e+01
4.744598667179914742e+00
3.236998794851018602e+00
3.883796671166195580e+01
4.533589896882728709e+01
1.587699128682591976e+01
2.823392930000113665e+01
5.337255205439205952e+00
2.462413965066236088e+01
1.092399582993211737e+01
2.055304746726842069e+01
5.395700679751664097e+01
1.324033550034785378e+01
8.652061511503816860e-01
2.739834452102208218e+01
1.827541062654518100e+00
6.214154196704889443e+00
1.210120943093915002e+01
2.134937227618046052e+01
1.267825082130514858e+01
1.556269719748048885e+01
5.222242114252523493e+00
2.741216720582720257e+00
8.206423490602610116e+00
7.311407741391555248e+00
7.939879883401061988e-01
7.303396226446885464e+00
3.455935741412481832e+00
7.682768785997012628e+00
9.922761471915592324e+00
1.143038391586320301e+01
3.233655857461776861e+00
9.846250391893107690e+00
8.683091697623837035e-01
7.954126286316522965e+00
5.559002718093779549e-01
2.484693232169953347e+01
1.451796507396234404e+01
1.090801086165887313e+01
7.539217463818346232e-01
4.903693019195010550e+00
1.151686900532099145e+01
5.227811025307929071e-01
1.011413025926301401e+01
3.503994251891477063e+00
5.008748582560355089e+01
7.537472241681498986e+01
5.828806485963097828e+01
5.418749540496794026e+01
7.484744221142463516e+00
7.803597180231136576e-01
3.495168617526438481e+00
8.472068918692841066e+00
2.077275622352917850e+01
4.237679553120779019e+01
6.919475873786893771e+01
4.101600479050360804e+01
6.138842991046018938e+01
2.277522978710267409e+01
1.169389699727422993e+01
1.736198187994427400e+01
5.676716895528427642e+01
1.658180581839914680e+00
9.929049427558091168e+00
7.629763176327848839e+01
2.402054944584398299e+01
1.217948829983755132e+01
8.106200813489401469e+00
3.329526110553767637e+01
1.717707361540897182e+01
1.735300189949888505e+01
5.021102930415114685e+01
1.934436509412279293e+00
8.345156123656920499e+00
2.977412343525424632e+01
3.563388273429112019e+00
9.971099221672581336e+00
2.226859519686847477e+01
1.342246587989457396e+00
1.001336804286476934e+01
1.893132860678200302e+01
1.236265162971095322e+01
8.968219607618017619e+00
1.243355528917741282e+01
7.264735180960713024e-01
4.935628827159391108e+00
6.184917324423736318e+00
3.546451201479193571e+00
1.362332150734180658e+01
3.037438765016693054e+01
6.554130062614078156e+00
4.289974400404773291e+00
9.460658744497074224e+00
5.619118593318304988e+00
5.716625053533100242e+00
3.812485447497238056e+00
5.625786302137711914e-01
3.184931926459120888e+01
6.788125219376475172e+00
9.543615316592465092e+00
4.122332106867290236e+00
1.242732327706156070e+01
1.190246065271702491e+01
5.964646660549895785e+00
1.235163149204643673e+01
7.872379971198093074e+00
7.549699677751685556e+01
5.804336822618613212e+01
5.416817921734858032e+01
4.539780183475730979e+01
1.541280904919837269e+00
1.300945537174555966e-01
1.487484816771267049e+01
7.606708001120068730e+00
4.917130479591264702e+00
1.616896768023357855e-01
6.907248437716707201e+01
4.126070142394845419e+01
6.140774609807954931e+01
3.010731626879710277e+01
1.093297581037750632e+01
1.399690781613529111e+01
5.036438970626444700e+01
1.482422880424902445e+01
4.738871447917461666e+01
6.941183348607211201e+00
4.035930140819488088e+00
7.948240186674183860e+00
4.673871712446627669e+01
8.505952160533659878e+00
2.360607968497573950e+01
5.341107487192068248e+01
1.811540983953214834e+00
6.829615886103212574e+00
3.725407340776078513e+01
1.187609359196947878e+00
4.580169885588951217e+00
2.602554022183616667e+01
8.825139177939867352e+00
1.540177230645554118e-01
3.760290257387914892e+00
1.573128303901246738e+01
1.610862912307644734e+01
6.206552402142115454e+00
4.953605316670874004e+00
1.649305396136092838e+00
1.032655816324302123e+01
2.427972299456044425e+00
6.620934564450131177e+00
9.068297356828111333e+00
2.700575624086541637e+01
5.862794528443515674e-01
1.937028486630524071e+00
5.233526945922271523e+00
1.220405281661378893e+01
1.574984214713815334e+00
4.930964349520387202e+00
6.439808312677904212e+00
1.054322897125238967e+01
1.366350095887486304e+01
4.667361463343340233e+00
3.401298150999259917e+00
1.281291492445759417e+01
5.415032889636336222e+00
3.727145427766473063e+00
7.983245772739820723e+00
3.328189092311139774e+01
5.816564258688799072e+01
5.392348258390373417e+01
4.537848564713794985e+01
5.442382696081961058e+01
6.308266331792680148e-01
1.150977410390368760e+01
1.203928752100239308e+00
8.248917742817845067e+00
3.729797537481419312e+01
2.839640375041952436e-01
6.931718101061193238e+01
4.128001761156781413e+01
8.525200042179776005e+00
3.086823745569382638e+01
7.567901746568523436e+00
2.039968706515512054e+01
3.719834148385533723e+01
5.228389385586554994e+01
2.196773393549665343e+01
3.499766293527068228e+01
1.609179834569224710e+01
3.068427612430269491e+01
4.937503858394947542e+00
1.493495823010042756e+01
4.715799708644382804e+01
1.388504583816320803e+00
3.083638392737718448e+00
2.207930139800065206e+01
6.292340613309590935e+00
6.955948799821115358e+00
2.063461088575253655e+01
1.258208420290755924e+01
3.910962748032247305e+00
6.407095508541409856e+00
6.960335825157450529e+00
1.947726053237796151e+01
9.338571133163142690e-01
1.273397570364423359e+00
2.577826402438709863e+00
3.741623939947537281e+00
6.569613138275329334e+00
7.739413466473280323e+00
1.607068429971978674e+01
5.699665947526597165e+00
1.986534672540698665e+01
6.813282339879648930e+00
2.290103311944278630e+00
1.181846116921775547e+01
8.062411977794504025e+00
2.693463116736964480e+00
2.071422593371288201e+00
1.486628198066091500e+01
3.099485514950372789e+01
8.787247105625738186e+00
1.219099172120989039e+01
3.786889798395293383e+00
6.325487161376905476e+00
7.652534122419758944e+00
8.095531147073089073e+00
1.742626517917348394e+01
1.595053673248253290e+01
5.404575694460559276e+01
4.513378901369310370e+01
5.440451077320025064e+01
5.351337268907904132e+01
1.074885291700696399e+01
4.569002815909222193e+00
1.465169699183767449e+01
5.046402359722330289e+01
3.717570101411233452e+01
3.926740405934590894e-02
6.933649719823128521e+01
1.160252844433195918e+01
7.764278855283052394e+00
3.423331151950280571e+01
1.397068099558835286e+01
3.356573528756423030e+01
2.613235677611921437e-01
1.707255455880572015e+01
6.088745651166817652e+00
1.486993444875894710e+01
2.254071796528463167e+01
1.111693714176863779e+01
1.491502211171820136e+00
5.582911854131913998e+01
4.864573201660533641e+00
6.283683960507254085e+00
2.582527889136614618e+01
8.882431396450542138e+00
1.443589877232765417e+01
2.301038979998470069e+01
7.191154866823929126e+00
1.479966588051382814e+00
1.016404053350910175e+01
3.207049940771874219e+00
3.214358331791956402e+00
4.302488522617828437e+00
8.413807085822853082e+00
3.649176484596587500e+00
7.968755738522339982e+00
1.532108502015461227e-02
3.597772627653995414e+00
1.495220539769663759e+01
1.270205289041827257e+01
1.440743567931832558e+00
1.363834383837168929e+01
2.586150541304846229e+00
4.294830911351205316e+00
7.676820330398470560e+00
9.180890879817653172e+00
4.308923826154710923e+00
1.923466769996753101e+01
5.585344197590423221e+00
2.611860129625460303e+01
1.631087736349228834e+01
1.257658336860592385e+01
2.700537964685395309e+00
8.562988394160328198e+00
3.284148403113142933e+00
3.350504209898639374e+01
9.491098854461910150e-02
1.183065109020013495e+01
4.525606337439496230e+01
5.415981413975540448e+01
5.349405650145968139e+01
4.213369313889280932e+01
5.329924002805945804e+00
1.128662292802869160e+01
5.686680284624313231e+01
5.034174923652144429e+01
3.742039764755718068e+01
1.995121643998398753e-02
1.645395114233151190e+01
1.236344963122868279e+01
4.399204791474069509e+00
2.783053227048297984e+01
2.713672921799746263e+01
7.102540033918076290e+01
6.909512484691008183e+01
1.098392502785775093e+01
1.403898283534491753e+01
5.350245075973582232e+01
1.926049530078670102e+01
1.754594321133540546e+01
6.927257456024774740e+01
3.806548253214778299e+00
3.060617503039964049e-02
2.262523332359661055e+01
5.136453903085048012e+00
7.388732374324789021e-01
3.049033977249123950e+01
9.566933781056093267e+00
8.958123261807813265e-01
4.773111197425471630e+00
6.963994965739566112e+00
6.953027434137368346e+00
1.838913034155208948e+01
1.178243849512436725e+01
1.078958600005501722e+01
1.741752851487042619e+00
4.211810713554648089e+00
1.018270685094947936e+01
1.909384623651592250e+01
1.158357398839512342e+01
5.561643374959842845e+00
7.667746454967129921e+00
1.786547563694649199e+01
9.171084764600330175e+00
1.531900725319204071e-01
8.795299232421619706e+00
2.178503936925977769e+00
1.699716646718410828e+01
1.216958478283807210e+00
7.090903443412983620e-01
3.364223155412115318e+01
1.669646901088832180e+01
6.089155605525235160e+00
4.630367319019725869e-01
4.194602674853712188e+00
2.212536254880016173e+01
1.617368790835752890e+01
4.024974653737778851e+00
3.040957519989504476e+00
5.428208850045726308e+01
5.324935986801483523e+01
4.211437695127344938e+01
5.821247005870571911e+01
1.052570174113196799e+01
5.350172878243414942e+01
5.674452848554127371e+01
5.058644586996629045e+01
3.743971383517654061e+01
5.290249727233975818e+01
1.569302995543478829e+01
1.572852369503766568e+01
1.080198404049389893e+01
1.466448404807387007e+01
6.459639426961399522e+01
1.668951924509485707e+00
4.103864526024661075e+01
9.143803458653984251e+00
2.459353347563196124e+01
1.170123749366449317e+01
2.568950137035346870e+01
5.321813356008416207e+01
1.725000427214338572e+01
8.701727629905711581e+00
2.887831110907346499e+01
8.336499470854583649e+00
3.007104255933015224e+00
1.531556776273110643e+01
1.704688375356263208e+01
8.375762298687320140e+00
7.148890111657635771e+00
1.573065629655935993e+00
1.070997245910506024e+01
8.221744575622764728e+00
1.090918036904555066e+01
1.415821740935653139e+01
5.398656663971387104e+00
2.015192173480649274e+00
5.955575052374676659e+00
1.250891201322043855e+01
1.572521482721440833e+01
4.443164472936693699e+00
6.653595120754545178e-01
3.440614656392327220e+00
1.128054141365100804e+01
5.029443925781045266e+00
1.271668974555069553e+00
1.792912289529944303e+00
2.348459423026479698e+01
3.454459711067229932e+00
3.659295374965317649e+00
8.232720602207848515e+00
3.402782320151718665e+01
1.020904124780763311e+01
8.326656838308657882e+00
4.831422451208588598e+00
2.121490827705959248e+01
4.794008358171296891e+00
1.205380226607513094e+01
1.281466822394840932e+01
1.206698264605180526e+01
5.337163422871669383e+01
4.186968031782860322e+01
5.819315387108635917e+01
4.235684431476780532e+01
5.274080759553742581e+01
5.337945442173229083e+01
5.698922511898611987e+01
5.060576205758565038e+01
1.544283222072323269e+01
5.366341845923648179e+01
1.232795589162580541e+01
9.325744446017836253e+00
2.396803226290300870e+01
2.279518100354265897e+01
4.760054145057281971e+00
2.972543151117295679e+01
6.116637374675834593e+01
2.948871285232289452e+01
1.720767979043937146e+01
5.272231424097725494e+00
4.507457540106609883e+01
1.195563271979800390e+00
2.214518364883431900e+01
2.020718965419815305e+01
2.083421685377729204e+00
1.929413118365204127e-01
1.906154525609660055e+01
1.872111743802499007e+00
6.799009711072812934e+00
1.462884008416417458e+01
3.948844543888100134e+00
5.319043123021430119e+00
4.464799550655072835e+00
7.417946031162259146e-01
8.533401454813386522e+00
8.767288073272901272e+00
9.155601688939078997e+00
1.218257793940997402e+01
1.673604381179524125e+01
9.140280603918924385e+00
8.584805311755978607e+00
1.783838414098603664e+00
3.561772286499348183e+00
1.002554887968781117e+01
1.542218225247029295e+01
6.147922827804194412e+00
5.730717968336605850e+00
2.309900258286876351e+01
3.032968052013458760e+00
1.421794142181894927e+00
3.864334882901232504e+00
8.618312249603881980e+00
2.754039543843649795e+01
1.244654248059105583e+01
3.958271119002041871e+00
3.024093340312189326e+01
3.883554086430727637e+00
6.741227158888989379e-01
3.264108695864500476e+00
3.788643097886108535e+00
1.115652837431123601e+01
4.199195467853046182e+01
5.794845723764151302e+01
4.233752812714844538e+01
1.417384603623517980e-01
5.261853323483556721e+01
5.362415105517713698e+01
5.700854130660547980e+01
2.276783998314122925e+00
1.620375340761995631e+01
5.702849252304546468e+01
1.873073514064563483e+01
3.840303776391273516e+00
6.142769731451953419e+01
4.656126741112861112e+01
2.329642544160618911e+01
9.597703024661221605e+00
2.253385743578146361e+01
1.231250041374843818e+01
2.363668586000613914e+01
7.603630819551729303e+01
6.947994887038262846e+00
6.090742648670733672e+00
6.763733635269545630e+00
1.075454314025304114e+01
6.060136473640334032e+00
1.586149968832706492e+01
5.618089237167993133e+00
3.053032217707318807e+00
5.459319255959584893e-01
1.142879451639463895e+01
7.694822037253594260e+00
9.855728886738702954e+00
3.015150421851465978e+00
1.633984311115938226e+00
1.392433079089701664e+01
1.252423309824059316e+01
1.932298745486840374e+01
1.050904092475994389e+01
1.336741240249372709e+01
1.999871088460494661e+00
2.357802424720681245e+00
2.443293384476199037e+00
3.023161936796135763e+00
5.883908040868526257e+00
1.430370335044714381e+01
8.544641150874809910e-01
1.557537232500221336e+01
2.647376404617425294e+00
7.909221905262583618e+00
6.101836115684655226e+00
4.249926530297265970e+00
2.130884486523193289e+00
2.977789667121992068e+01
8.078156761284439824e+00
2.145123983291126279e+01
1.290957921249302842e+01
2.363315558516703163e-01
8.115570854321731531e+00
1.229013382192680126e+01
4.699097369626677789e+00
2.231511758749959995e-01
5.807073159834337162e+01
4.209283149370359922e+01
1.224222727429898766e-01
2.640128210642112561e-01
5.286322986828041337e+01
5.364346724279649692e+01
4.125995250705706496e+00
3.037705185210846537e+00
1.956882747142893919e+01
5.062571327402563526e+01
3.189678336305474460e+01
4.129996882800779900e+01
7.928751100151735898e+00
1.850478782446514359e+01
3.168696955094453926e+00
4.823021933563809682e+01
6.433507070185279986e+01
1.874150648331520586e+01
4.712739091141342840e+01
2.401373790741293135e+01
2.052815510347329564e+00
2.281817463543313096e+01
2.419799915918164857e+01
2.610984981234977909e+00
2.211457747380391936e+01
2.418043669398457496e+00
6.253077785476854444e+00
3.200045567769535637e+00
3.745977493365494126e+00
1.517477200976013307e+01
7.479949972506538813e+00
2.375778914232164141e+00
5.390929336083630119e+00
3.756945024967691893e+00
1.016738576592932475e+01
2.269161886416991791e+01
3.368631409301514168e+00
7.140409515458429723e+00
6.227002887035297363e+00
4.227131798574802701e+00
6.584934223295483946e+00
4.141640838819284909e+00
1.118478902023149146e+00
7.002386942891675403e+00
2.130609029333881921e+01
2.045162617825133822e+01
4.876253853249124859e+00
7.523630257866550153e+00
3.855916473960334656e-01
6.487427763080688692e+00
2.237501232783422722e+00
4.368385719306616011e+00
2.540951095191330467e+01
1.733135419062886484e+01
4.119885642282397953e+00
8.789693570210630469e+00
9.026025126062300785e+00
9.104542717405692542e-01
1.137967955018623201e+01
1.607877691981290980e+01
1.585562574393791380e+01
4.221510585440545782e+01
1.222743607018594580e-01
2.446966334448493208e-01
1.931618761936192141e-02
5.288254605589977331e+01
7.609211868967236114e-01
3.365074063808982885e+00
6.402779249019829422e+00
1.316604822240910977e+01
3.745966505161652549e+01
6.935644841467127719e+01
2.805647958666347108e+01
2.012772848651173518e+01
3.863251631097688232e+01
4.180121326607132914e+01
6.429006069566767678e+00
7.076407677141956754e+01
5.202257028810436168e+01
4.895179376690933282e+00
2.890891728410386463e+01
3.096173279445119420e+01
8.143558159018063236e+00
1.605444100016358533e+01
1.344345601892860742e+01
8.671121454875311940e+00
